Id	NEAR_X	NEAR_Y
0	29.2795	29.1355
1	29.4434	33.5099
2	29.3621	22.5132
3	31.6616	28.6633
4	28.9152	30.5794
5	31.1615	35.8178
6	33.2832	30.5525
7	26.3084	24.9267
8	31.2317	36.5554
9	30.2083	29.4684
10	32.6589	22.7323
11	28.4386	32.4518
12	34.367	28.7969
13	31.883	31.2411
14	33.9116	24.4339
15	32.8413	22.4274
16	16.9003	26.9655
17	25.4209	34.3801
18	33.3213	23.9046
19	34.2368	24.989
20	29.5688	28.5305
21	30.5721	34.0932
22	33.1921	31.7494
23	33.2497	32.3925
24	26.8651	26.4131
25	27.6502	32.4966
26	28.7494	41.6788
27	25.9035	24.5056
28	33.8424	37.1092
29	32.5285	34.1791
30	37.1317	29.5299
31	22.8852	27.3396
32	34.7645	22.7816
33	30.1677	31.2662
34	28.422	33.6182
35	32.9039	41.607
36	33.0998	26.953
37	27.191	25.8421
38	34.7614	27.1658
39	29.6487	33.7465
40	26.3827	28.5317
41	20.7936	24.5876
42	27.1613	32.0788
43	35.9675	29.9077
44	31.3068	30.8398
45	35.4237	34.4668
46	31.3685	24.9453
47	34.5169	31.9052
48	36.1347	29.8505
49	39.7655	28.2056
50	37.9653	30.5756
51	27.4187	24.3578
52	29.2448	37.1166
53	34.0819	33.4444
54	18.1206	33.5548
55	32.7793	27.2504
56	26.8631	29.9884
57	38.6244	24.7245
58	27.861	36.8089
59	27.7692	28.1787
60	30.4889	23.7936
61	31.0997	23.9519
62	34.426	30.0159
63	41.4172	31.4042
64	36.8284	23.4837
65	29.3893	31.6157
66	38.7286	21.5954
67	34.9531	32.9568
68	37.6677	33.5619
69	30.2604	27.3918
70	23.7591	30.9771
71	29.0415	40.1013
72	26.9449	31.602
73	22.155	28.0227
74	31.3057	34.1198
75	37.2405	29.7793
76	24.4138	32.2893
77	32.5849	32.4583
78	26.4986	35.6669
79	30.4395	33.4991
80	36.3704	33.0464
81	31.4326	40.764
82	31.2185	28.5202
83	30.5598	37.4138
84	30.5936	32.5969
85	35.9787	27.4357
86	21.3672	31.4971
87	31.1487	26.9599
88	34.3554	33.0378
89	25.025	32.5911
90	29.0195	22.5849
91	32.2648	29.7739
92	26.2736	32.6147
93	32.4405	27.1123
94	32.0018	35.0753
95	26.4367	31.9045
96	30.0138	41.3301
97	20.6885	33.4764
98	28.4688	29.499
99	39.5079	29.9571
100	41.2047	27.7893
101	31.7526	27.5458
102	26.5466	30.3124
103	28.5871	31.0125
104	19.4749	40.0123
105	29.165	38.7145
106	24.9644	31.4627
107	45.8247	25.6514
108	22.5235	27.2675
109	32.3624	33.4667
110	36.4518	28.7149
111	21.9887	27.8249
112	36.2011	32.3283
113	20.2153	29.8247
114	36.9908	40.6327
115	32.8084	31.5465
116	23.799	25.7838
117	30.2346	32.516
118	32.9009	27.609
119	24.2403	26.1111
120	24.2151	33.217
121	18.4386	28.3336
122	32.2494	37.6101
123	30.3565	35.0064
124	28.005	26.278
125	26.628	37.6367
126	34.9711	32.437
127	46.6513	29.8383
128	33.1017	31.538
129	28.8906	41.5809
130	37.533	23.0026
131	28.0008	32.1417
132	33.9159	23.2578
133	18.7222	20.4682
134	29.6444	29.484
135	31.7261	26.1516
136	23.8788	19.8848
137	31.6459	31.8503
138	34.965	33.954
139	29.0464	36.7463
140	29.3182	26.6958
141	27.3971	27.0759
142	19.1713	30.7816
143	31.2494	28.1887
144	26.4308	31.859
145	38.5844	30.1913
146	27.4618	27.0428
147	29.6512	23.6762
148	29.3737	30.3059
149	39.2234	34.7174
150	35.1701	26.4353
151	33.3496	24.3031
152	31.5598	32.0937
153	26.168	39.9969
154	32.8369	20.4864
155	32.7643	27.9629
156	30.0069	32.3288
157	31.9527	19.8042
158	24.2084	33.8631
159	36.506	39.5158
160	39.0158	19.7223
161	33.8474	20.4185
162	38.068	31.2667
163	24.2942	40.0495
164	33.2199	20.5443
165	31.4673	26.3443
166	30.5565	27.674
167	36.8675	22.8836
168	31.587	39.0709
169	25.8652	31.0532
170	31.01	26.5515
171	33.2395	30.4853
172	25.2812	38.8101
173	33.9581	29.1645
174	26.8166	26.0782
175	36.1547	29.2676
176	32.2972	29.0777
177	33.082	29.4201
178	33.8193	29.0839
179	34.1479	33.3619
180	29.417	25.7011
181	25.2994	26.2963
182	25.0776	34.329
183	29.767	37.8505
184	41.3966	30.1211
185	22.2599	28.0927
186	29.6233	22.5578
187	28.7475	31.4347
188	27.7029	26.1579
189	26.2062	38.9334
190	29.2018	25.8503
191	28.1355	34.7717
192	26.5766	32.4092
193	33.6394	33.7456
194	36.9985	27.2476
195	35.6637	26.0357
196	28.0173	35.9804
197	34.1119	30.0105
198	24.0429	32.8083
199	26.8481	25.3806
200	26.7593	31.2325
201	19.3948	31.8038
202	30.8695	27.0774
203	35.1846	33.0572
204	26.9686	26.6499
205	33.4758	22.4196
206	28.3369	26.8448
207	30.3494	31.0556
208	30.1839	35.6742
209	31.1403	28.425
210	23.9457	33.6092
211	32.6407	37.254
212	26.2627	30.1321
213	29.7065	29.5619
214	30.052	21.4273
215	34.1249	33.266
216	35.6524	41.2479
217	28.4052	29.8193
218	30.0489	39.7109
219	21.3439	32.4288
220	22.6458	17.0921
221	19.8958	23.0912
222	35.3451	25.6582
223	28.8627	24.1824
224	33.0548	24.4902
225	36.5883	25.0345
226	26.1759	30.6137
227	30.1236	37.1235
228	30.602	23.9608
229	27.1983	27.1361
230	33.6252	31.919
231	29.403	34.348
232	27.3575	29.3188
233	30.9038	37.6409
234	29.5073	28.246
235	24.7708	33.4303
236	27.0618	31.7184
237	20.492	35.2159
238	23.3403	26.1133
239	35.2929	23.3276
240	29.6027	30.3713
241	25.0072	36.7147
242	37.4939	20.1419
243	22.755	34.0412
244	23.4849	28.0568
245	30.6478	33.4593
246	28.8837	30.4761
247	26.1163	36.4618
248	27.5234	31.6987
249	27.4418	30.5316
250	29.1592	29.1877
251	24.9311	33.9821
252	37.0702	31.2157
253	33.6617	34.1903
254	34.6399	31.5168
255	31.0613	34.32
256	30.3442	25.1304
257	30.1192	20.5579
258	29.9705	32.0669
259	36.1799	30.7564
260	34.6407	29.9973
261	24.8826	22.9431
262	25.1513	23.1693
263	33.1685	28.9619
264	32.8516	30.3672
265	35.2202	35.301
266	26.7733	28.6284
267	27.3359	21.8934
268	33.3761	35.944
269	29.9679	27.534
270	35.4545	18.2752
271	30.8874	30.7164
272	27.1457	36.9579
273	34.8537	28.6942
274	29.5665	28.0599
275	27.4394	23.459
276	36.8997	35.14
277	33.9908	24.5283
278	40.4042	39.9008
279	30.9403	25.4789
280	25.6678	32.0927
281	25.4349	29.8289
282	35.4432	22.4659
283	40.0286	37.8335
284	23.8146	22.9318
285	28.5829	24.8443
286	28.6814	17.0941
287	28.8565	39.0143
288	24.417	28.6347
289	22.552	33.1912
290	28.8734	39.7037
291	31.0342	28.1391
292	32.7514	27.4689
293	23.3035	31.5097
294	29.1257	30.8316
295	31.8773	27.4484
296	32.1079	38.6885
297	24.461	38.6871
298	28.786	26.1669
299	42.1361	30.7751
300	36.852	34.088
301	21.597	30.6041
302	27.3734	23.291
303	21.1414	30.5115
304	32.9513	31.9533
305	28.4709	26.0074
306	25.0657	27.2242
307	24.8347	28.9836
308	29.8856	25.5201
309	28.8397	26.1984
310	29.9776	32.5354
311	30.8906	32.3608
312	21.7399	28.1065
313	31.3837	33.2058
314	22.01	30.7959
315	36.0321	29.1069
316	29.5262	32.2523
317	31.2356	33.3732
318	30.3621	30.7625
319	26.0878	29.1478
320	36.2656	28.9792
321	29.1572	27.5425
322	33.9359	25.7266
323	34.5525	25.3151
324	24.7111	31.0297
325	30.6509	31.4878
326	35.3127	27.9375
327	32.215	25.4509
328	36.2958	33.1623
329	32.6826	30.9394
330	26.072	28.3631
331	32.5089	29.9041
332	30.6187	23.2009
333	30.9055	26.5404
334	24.5833	29.2266
335	20.7175	33.4928
336	34.2601	29.7328
337	25.0311	25.2732
338	29.2444	17.8813
339	30.9024	33.3222
340	28.4405	27.528
341	30.9098	31.7532
342	35.4708	30.092
343	26.5512	27.6937
344	30.9097	37.781
345	28.3986	24.7374
346	25.6495	19.5183
347	31.649	23.1934
348	23.8325	20.1199
349	24.4101	32.8421
350	23.4432	21.2518
351	30.8913	28.2941
352	32.161	33.7028
353	29.9575	23.5112
354	29.381	32.5013
355	27.0851	22.8127
356	35.5131	27.9238
357	27.9538	30.0798
358	35.1524	31.3181
359	28.3339	33.4107
360	40.7351	36.9389
361	33.3644	24.3886
362	48.7603	24.0067
363	28.141	26.5006
364	38.1345	32.1012
365	22.8644	31.3379
366	32.7345	28.4076
367	23.8991	26.3748
368	27.8158	30.1137
369	27.4005	33.6761
370	25.2503	21.3431
371	26.303	36.7445
372	27.1342	41.704
373	32.4574	24.1779
374	25.8286	31.2169
375	24.1118	41.8729
376	25.0455	33.4047
377	37.3006	29.454
378	25.0207	28.6347
379	31.8111	34.3788
380	30.2836	22.9989
381	30.2116	26.6332
382	19.0838	26.5122
383	22.8377	32.9343
384	39.7208	39.2938
385	27.134	27.663
386	33.4439	35.3064
387	27.9063	29.2868
388	41.0346	29.4627
389	27.5734	30.5996
390	32.8985	24.8918
391	28.758	24.1682
392	28.6087	39.3846
393	33.7086	29.5373
394	25.3344	28.443
395	35.2537	27.1916
396	37.2521	23.1318
397	28.5498	38.7138
398	19.9608	35.9421
399	20.7431	29.5496
400	29.1373	34.1215
401	14.2273	20.411
402	27.1699	30.1845
403	25.5339	28.8957
404	24.0691	27.9936
405	25.7662	31.2201
406	32.9071	37.1647
407	26.7179	28.41
408	30.2387	28.5254
409	29.74	22.1891
410	31.8588	25.424
411	25.2152	22.0594
412	35.805	29.297
413	35.7475	31.3615
414	21.4832	24.5815
415	33.7897	26.1716
416	24.5483	29.1031
417	29.1152	24.9407
418	28.3693	27.6075
419	17.0501	32.5133
420	25.9431	36.5222
421	24.2494	22.102
422	35.9381	22.0747
423	26.8191	32.9867
424	28.3518	21.7226
425	30.9402	29.0284
426	36.4193	32.9432
427	45.1786	21.7705
428	29.8916	24.6667
429	35.7738	34.1092
430	33.7702	26.1133
431	26.2742	19.8516
432	38.5475	32.5411
433	28.6957	34.6676
434	33.7546	34.8763
435	21.8823	26.4308
436	30.9772	31.7771
437	34.7862	24.9568
438	30.636	41.0268
439	33.4596	34.3528
440	29.9041	33.8381
441	39.0199	30.5332
442	36.1199	25.6243
443	32.9505	34.5211
444	26.24	35.4906
445	26.6238	25.9738
446	29.994	39.6599
447	31.5458	34.6789
448	26.341	30.3875
449	24.1172	27.1445
450	34.1782	29.808
451	37.2565	28.9879
452	29.0103	36.3834
453	26.7569	22.4012
454	36.5064	32.0709
455	19.174	30.2226
456	27.9811	38.7242
457	26.355	27.0962
458	25.448	24.7297
459	26.4975	22.8204
460	24.844	21.9671
461	22.5136	22.2016
462	27.3942	26.5816
463	23.8676	32.3914
464	29.7596	27.8401
465	27.6801	37.9644
466	31.1991	32.3769
467	17.0698	26.7313
468	19.145	27.869
469	31.8666	26.6285
470	32.593	24.8863
471	32.879	22.232
472	28.6916	32.099
473	32.6796	29.3637
474	39.6986	27.9279
475	27.745	16.2025
476	38.8447	28.155
477	24.1199	36.6045
478	36.1775	30.5416
479	22.8254	32.0949
480	26.893	24.1461
481	35.2169	19.337
482	32.8358	32.2968
483	40.2551	31.6259
484	19.7078	25.8194
485	30.3233	31.7778
486	34.9041	20.2016
487	28.3503	34.8493
488	37.7198	39.3051
489	28.0489	35.488
490	38.5586	35.9903
491	33.6184	34.139
492	26.0506	22.7638
493	34.9142	28.2647
494	29.8593	27.1064
495	28.0355	31.1637
496	24.8907	30.3425
497	31.2303	29.6132
498	26.2819	33.9331
499	39.3632	26.9938
500	36.1723	34.4463
501	16.7337	26.194
502	26.8208	33.9089
503	30.9424	32.372
504	33.1814	25.5054
505	26.2673	23.8856
506	29.1486	29.4045
507	30.856	26.3635
508	34.5326	34.5856
509	37.7326	33.5565
510	30.9276	33.3621
511	33.0488	26.7409
512	36.4469	38.5926
513	39.8848	30.1761
514	31.6214	32.0818
515	29.9873	33.0964
516	29.3941	29.0311
517	38.7949	30.8236
518	30.3351	34.4101
519	30.7517	31.4581
520	29.6822	23.8979
521	29.8451	24.3156
522	31.0508	24.0928
523	34.5835	33.7462
524	31.4021	29.4993
525	32.0815	20.175
526	24.5159	29.2563
527	31.7263	29.603
528	24.9769	30.6672
529	27.7315	24.657
530	31.6475	28.9501
531	35.9824	33.3277
532	33.6734	31.6083
533	25.7741	25.3219
534	22.6442	44.3951
535	24.6028	28.9508
536	28.1981	28.5945
537	27.0797	20.6583
538	25.009	23.0467
539	29.3661	26.579
540	26.5641	31.0794
541	27.0861	34.6605
542	28.0691	31.1258
543	23.3735	33.2844
544	27.9741	32.0438
545	31.65	29.1328
546	31.0872	28.0735
547	36.7305	34.6714
548	32.4125	24.0993
549	24.5035	26.6807
550	28.775	32.2401
551	25.5173	35.8854
552	30.018	19.9361
553	27.6234	17.0741
554	26.2414	27.2544
555	26.9479	28.3737
556	28.0295	27.0313
557	37.5125	36.0745
558	24.2908	36.2695
559	21.8932	25.9269
560	37.626	18.8022
561	32.8739	23.7325
562	29.28	29.099
563	38.486	25.947
564	29.6549	33.1351
565	28.7411	25.8897
566	29.704	30.4676
567	34.4203	25.2847
568	27.7543	31.6147
569	29.1642	29.0736
570	29.915	26.5208
571	26.0015	32.2037
572	24.5245	35.8269
573	31.0865	23.6173
574	31.4151	30.8364
575	33.8108	35.7942
576	28.1679	26.4612
577	26.9701	25.0946
578	26.2678	31.4225
579	30.0763	27.5432
580	26.3087	31.7394
581	27.492	24.7992
582	29.2416	28.6775
583	24.6498	34.1359
584	34.2301	30.2045
585	30.6552	32.6365
586	29.8454	34.4565
587	38.28	30.4025
588	32.2013	34.3673
589	28.3098	24.3585
590	34.53	22.1562
591	38.9442	34.3522
592	30.9385	30.2555
593	38.7568	25.2689
594	24.199	27.0093
595	28.691	24.9677
596	30.7693	30.6797
597	25.9307	38.0153
598	23.0396	23.6164
599	31.8806	28.9626
600	77.0016	17.3091
601	69.1121	20.7766
602	66.1852	25.2552
603	72.0111	21.5696
604	76.2334	18.2134
605	76.9625	14.0903
606	63.8124	25.7759
607	74.5056	14.2806
608	72.1075	15.1071
609	70.8873	16.1335
610	69.4425	17.208
611	76.4872	14.934
612	59.7778	22.4443
613	67.7266	25.602
614	65.5546	24.9416
615	80.1753	16.5816
616	75.3215	14.2533
617	65.9153	20.8968
618	74.4539	16.9077
619	72.0495	18.0565
620	63.8824	24.1984
621	76.2288	18.0965
622	70.7966	21.5707
623	66.4966	23.1407
624	62.0373	24.9508
625	66.7523	24.8993
626	75.3404	14.5588
627	61.1788	21.5813
628	72.0637	12.6205
629	76.143	17.3965
630	59.7532	26.9339
631	71.8766	16.9311
632	78.0489	18.311
633	76.9849	12.9433
634	76.3648	12.8942
635	69.2522	18.6662
636	66.417	24.845
637	66.4685	24.2384
638	65.0512	25.3458
639	79.6517	16.8388
640	77.1155	14.9431
641	66.8437	23.7118
642	69.5111	26.2685
643	75.8582	14.1774
644	66.2083	23.6621
645	63.2123	25.369
646	72.6253	15.7065
647	66.9997	23.2223
648	73.4307	17.9058
649	78.1085	18.4524
650	62.5076	23.0871
651	76.6834	14.3124
652	62.4279	22.6201
653	74.1826	20.8202
654	76.2816	17.8685
655	66.391	24.5144
656	70.0871	22.1192
657	68.7502	22.389
658	59.5986	21.5568
659	79.5525	18.6998
660	80.1566	14.9446
661	76.8949	15.9417
662	76.2318	14.4027
663	73.9161	15.612
664	61.4432	25.1336
665	70.6268	17.428
666	61.8223	24.3272
667	57.842	22.6999
668	72.472	24.0308
669	74.3292	18.0617
670	66.1519	26.211
671	72.4192	18.9526
672	77.9439	18.345
673	59.0056	21.6841
674	77.8907	17.7724
675	65.6958	18.3961
676	68.5801	25.2634
677	66.5951	22.2946
678	75.2629	13.6745
679	57.3735	20.5307
680	63.9089	22.6897
681	71.4359	13.6937
682	61.6245	20.2112
683	67.1527	25.1821
684	63.0375	20.51
685	78.3093	17.9866
686	75.7456	16.4067
687	76.8115	13.9958
688	59.6543	25.7183
689	76.4259	14.2469
690	77.1287	17.9085
691	74.9179	16.3127
692	76.9309	16.2724
693	74.7576	14.7502
694	60.6929	21.2232
695	69.3163	18.7447
696	70.929	25.0894
697	68.6535	24.2628
698	80.3486	17.8485
699	70.402	18.8834
700	74.6499	15.734
701	72.2555	17.1945
702	61.6851	20.5528
703	65.1705	22.8996
704	75.4116	15.5263
705	73.066	14.2197
706	67.0664	22.5028
707	62.0576	21.3901
708	66.2971	23.213
709	58.8806	26.665
710	67.7237	24.0755
711	63.7735	22.0423
712	77.1667	16.3285
713	74.6299	14.8467
714	69.2433	25.0985
715	79.7028	14.0742
716	76.2421	14.6772
717	71.1439	21.1388
718	62.8934	23.3655
719	68.6281	21.078
720	70.3852	18.7505
721	69.3719	24.7923
722	70.9613	17.1643
723	64.2999	21.7696
724	68.218	20.8897
725	78.0994	13.6466
726	65.7209	24.1013
727	79.1823	16.6115
728	63.9622	25.1104
729	71.4876	18.4496
730	78.7598	15.1028
731	71.7192	16.6564
732	63.745	24.4792
733	64.4531	23.9276
734	72.6744	14.3656
735	73.4095	14.2006
736	63.3159	21.4525
737	69.5486	16.3499
738	66.8235	21.6445
739	71.3072	20.7311
740	70.683	19.0609
741	66.5791	25.1195
742	67.4476	22.5146
743	70.9133	19.8157
744	78.1743	12.1011
745	60.8506	24.9326
746	64.8392	24.9547
747	66.3173	25.6924
748	66.552	22.9607
749	78.2635	16.6905
750	70.2505	20.7564
751	67.6248	20.5942
752	70.9403	25.3293
753	71.4706	20.3266
754	69.2785	24.819
755	76.3703	14.4275
756	71.9514	18.3027
757	77.1705	13.301
758	65.2102	25.1955
759	63.1547	24.4073
760	70.2315	19.3688
761	79.3558	17.6085
762	76.7038	19.5544
763	69.8922	23.5305
764	61.6299	24.5487
765	62.0791	22.3664
766	66.8433	22.0202
767	69.0133	22.0667
768	66.5239	23.9936
769	64.0457	27.2856
770	70.2139	18.5138
771	74.2883	16.7352
772	76.5102	16.6912
773	74.3301	14.9988
774	72.9129	20.9106
775	72.6987	13.8837
776	73.0194	20.0951
777	73.0077	16.5603
778	78.3857	16.6733
779	63.921	23.2176
780	62.2779	22.5078
781	79.0651	13.551
782	75.7246	15.5313
783	62.8082	26.7043
784	70.0286	20.7955
785	77.2172	17.5505
786	74.9181	12.8982
787	72.8596	15.1188
788	63.5969	24.5969
789	78.9714	19.0283
790	63.6582	23.4769
791	70.2342	23.2528
792	67.6355	26.5499
793	71.2593	23.4559
794	79.6496	16.1929
795	65.3406	23.5918
796	68.7551	24.0531
797	59.5268	23.8451
798	75.7227	17.2751
799	71.8777	20.3788
800	70.1957	19.4013
801	68.0785	22.3966
802	77.9427	15.081
803	74.6828	18.6828
804	76.2473	15.8997
805	78.0321	19.5531
806	80.3699	17.3362
807	69.9132	16.18
808	80.1412	19.165
809	69.5123	21.8629
810	63.2443	23.5454
811	82.9011	16.1818
812	59.318	19.9819
813	78.3644	22.5247
814	66.1453	19.5458
815	75.7385	15.579
816	63.4112	24.5454
817	66.4201	27.2541
818	72.7504	13.9598
819	66.148	21.8314
820	75.6917	15.0936
821	73.8238	16.9231
822	66.4911	25.8262
823	64.8276	21.2162
824	65.9875	24.6314
825	72.8216	15.9789
826	61.6519	24.6899
827	72.5162	19.1984
828	69.5146	27.0302
829	64.8434	24.2051
830	64.5683	25.6346
831	69.9348	18.5896
832	66.544	21.0393
833	64.4216	27.3461
834	79.3572	16.48
835	76.3487	16.4989
836	58.9673	21.2856
837	72.5038	19.6296
838	71.4171	20.7763
839	73.6734	19.2208
840	73.8758	15.5679
841	71.2191	22.5438
842	75.8027	13.5567
843	76.2598	13.116
844	60.4995	21.7933
845	80.5759	18.2079
846	80.6857	17.1586
847	75.9292	10.8922
848	67.401	18.9143
849	70.6244	21.3583
850	66.3049	21.8638
851	69.7327	18.3899
852	61.1827	23.9611
853	74.5857	15.4183
854	59.5593	22.8214
855	67.2395	18.8196
856	64.0378	25.973
857	78.5952	16.2144
858	73.2101	16.2945
859	79.0273	15.9457
860	64.6574	23.2693
861	77.1986	16.3365
862	68.1828	24.3717
863	79.4953	16.1589
864	67.0881	22.7046
865	63.9376	23.4158
866	66.0579	25.4818
867	73.5102	17.5926
868	65.1219	20.807
869	76.748	15.2391
870	74.6071	20.2161
871	73.8177	14.8447
872	69.4768	24.1758
873	71.2508	15.5695
874	65.061	22.2445
875	73.45	14.9296
876	72.1387	19.8313
877	61.3348	21.9947
878	79.6275	16.6612
879	63.4632	26.7789
880	72.9636	17.0184
881	74.8226	13.1564
882	70.8156	20.3236
883	83.8236	17.7642
884	85.0739	21.527
885	69.7051	23.3649
886	66.2731	23.7411
887	73.7025	16.2715
888	67.0111	25.9634
889	74.5395	23.2439
890	71.7592	18.7842
891	65.2093	24.963
892	65.3713	25.7784
893	76.8675	16.1329
894	62.1078	25.2467
895	73.751	15.2152
896	73.526	18.6648
897	77.8686	16.3186
898	63.7043	23.3553
899	69.9572	15.6218
900	70.4053	19.0391
901	63.428	18.0398
902	73.5499	14.6452
903	77.2157	17.626
904	58.2509	20.2219
905	70.9735	15.522
906	69.4344	21.2132
907	73.4817	19.2996
908	65.863	24.9456
909	74.5988	12.6556
910	78.8996	16.7493
911	63.8505	25.6093
912	76.0858	16.5793
913	65.3174	25.0043
914	80.2634	20.575
915	74.7094	12.9082
916	76.8174	15.8718
917	71.3127	19.2027
918	61.2941	24.2835
919	72.0697	13.8085
920	61.3266	22.6294
921	67.0543	22.4621
922	70.2628	21.5931
923	80.5886	15.5248
924	62.2249	20.4165
925	76.3756	16.237
926	73.6119	15.826
927	63.476	26.9784
928	69.2125	22.7947
929	78.9226	18.532
930	69.0706	15.3135
931	57.5482	22.6865
932	67.4049	20.7444
933	68.0064	23.0857
934	67.787	24.9069
935	69.0992	23.6489
936	73.1433	15.4348
937	73.3122	15.0382
938	63.4265	24.313
939	72.5647	15.621
940	63.8472	23.0252
941	67.0662	24.9519
942	61.334	25.1127
943	70.0049	23.4258
944	60.4156	21.8815
945	67.1898	25.1251
946	65.2245	20.538
947	78.4667	17.5884
948	68.7033	24.7525
949	71.832	21.5294
950	67.6258	22.9441
951	65.094	27.0913
952	72.1953	18.6277
953	67.7984	24.4096
954	72.9999	15.9971
955	68.2793	21.8049
956	80.6382	18.8757
957	79.4735	18.4199
958	80.9197	17.3785
959	71.2838	15.8292
960	62.227	26.9064
961	69.8032	24.7982
962	68.9418	17.357
963	73.1313	18.7226
964	72.6301	15.9941
965	75.3533	13.3254
966	65.3498	23.1794
967	63.1194	22.9682
968	81.2501	17.0575
969	67.6544	22.356
970	77.5107	14.7981
971	73.1146	17.465
972	70.1934	19.1187
973	74.3518	13.8497
974	78.4541	17.8088
975	70.8495	17.4909
976	79.0504	17.7442
977	62.7612	24.8775
978	69.6758	17.5834
979	68.1957	21.5891
980	69.7587	20.9685
981	57.6774	24.8651
982	63.351	22.9054
983	64.9294	25.0587
984	67.5349	21.4485
985	73.2262	16.8411
986	79.1204	16.9858
987	72.4297	15.7993
988	79.7254	19.0745
989	58.5105	22.7088
990	63.5806	25.4577
991	72.3663	16.925
992	73.1526	19.3163
993	67.3958	22.6392
994	75.3058	14.5952
995	62.9275	22.1712
996	65.0146	24.9422
997	74.4405	15.1563
998	69.904	16.5851
999	68.5242	22.6313
1000	75.8159	13.8596
1001	73.2138	17.815
1002	61.9236	24.1451
1003	71.7918	15.6359
1004	61.8025	24.322
1005	71.708	14.8649
1006	77.815	18.0116
1007	61.9414	25.2385
1008	60.8966	21.7419
1009	64.7837	20.108
1010	67.0716	20.6158
1011	69.5525	21.5496
1012	64.9741	22.8687
1013	65.4555	26.7581
1014	60.1873	24.8869
1015	74.3855	14.8081
1016	62.8693	20.4062
1017	67.5941	23.6464
1018	68.5795	14.0878
1019	63.6571	20.6903
1020	68.1402	24.8773
1021	67.847	22.8642
1022	80.115	17.341
1023	74.632	14.3261
1024	73.4056	14.8237
1025	63.1513	24.6916
1026	60.2254	22.7255
1027	69.382	21.6401
1028	65.3569	27.8782
1029	79.3252	17.5848
1030	80.252	14.2972
1031	80.5487	17.8085
1032	77.328	17.9393
1033	76.786	12.9192
1034	68.3905	20.4622
1035	65.5782	23.6822
1036	79.6103	16.7833
1037	67.3325	24.4151
1038	78.9394	17.3463
1039	75.1316	12.5952
1040	68.2014	20.693
1041	59.8973	21.6289
1042	68.9684	23.8241
1043	75.1907	16.8433
1044	69.495	18.8642
1045	74.525	16.1279
1046	74.6807	15.1943
1047	77.0844	15.4824
1048	80.0623	19.64
1049	61.9465	22.8429
1050	78.2161	18.9918
1051	62.0088	27.3286
1052	61.9523	24.9652
1053	74.2792	17.8293
1054	76.3504	15.6005
1055	63.104	25.8126
1056	58.95	17.6735
1057	78.8225	18.6401
1058	59.0124	23.6904
1059	60.449	25.7359
1060	63.2339	21.1833
1061	63.7723	23.5459
1062	73.5042	19.9085
1063	68.3172	20.3234
1064	60.4378	25.1456
1065	77.9864	15.8497
1066	73.3837	14.3095
1067	78.8322	18.3433
1068	67.7312	25.9411
1069	69.2894	16.1565
1070	75.501	13.9936
1071	63.6606	24.6585
1072	74.7678	15.6085
1073	80.2016	15.6042
1074	59.5698	23.1355
1075	76.3962	19.2426
1076	81.3611	19.0542
1077	69.357	20.3742
1078	78.5458	14.3198
1079	61.7551	20.9814
1080	64.0744	22.1652
1081	68.5024	19.2303
1082	68.0613	22.4281
1083	69.5288	18.8057
1084	64.8535	24.7214
1085	74.222	14.7077
1086	74.2173	14.9627
1087	60.2967	19.6298
1088	77.723	15.5586
1089	66.0662	23.1414
1090	66.0144	22.3373
1091	61.5758	21.033
1092	65.6049	23.6298
1093	75.4389	14.1091
1094	62.8461	22.2861
1095	77.7938	15.5278
1096	76.0421	15.5822
1097	73.5366	15.1947
1098	67.6024	23.3541
1099	70.3033	19.5665
1100	79.6861	77.3111
1101	71.835	83.4404
1102	51.1934	68.9561
1103	70.5507	86.0798
1104	56.0681	72.4979
1105	84.3132	63.3917
1106	76.7596	61.561
1107	69.2054	56.4678
1108	57.6753	76.8393
1109	66.8693	53.4255
1110	67.7754	86.5563
1111	54.0932	69.796
1112	83.5082	60.4352
1113	88.138	67.8722
1114	86.3267	65.1541
1115	66.7867	85.6116
1116	77.7542	58.5664
1117	87.2232	70.8631
1118	74.097	82.7925
1119	59.7189	60.0096
1120	57.2895	72.9313
1121	71.9442	56.4089
1122	75.9652	86.7081
1123	70.3986	83.0141
1124	83.7588	70.5517
1125	61.0138	82.9717
1126	79.8821	54.3358
1127	81.5746	70.1063
1128	60.7159	55.9042
1129	79.8321	77.5231
1130	55.0925	67.1743
1131	86.1092	76.3658
1132	84.7864	69.7175
1133	82.4466	63.2866
1134	79.5201	62.8322
1135	59.8296	80.4961
1136	85.5708	67.4892
1137	80.329	81.4977
1138	77.3664	54.3362
1139	55.1572	76.4249
1140	84.7484	66.6272
1141	63.4263	85.1886
1142	74.3965	56.7015
1143	65.0675	80.823
1144	67.7722	86.0468
1145	72.9187	54.6665
1146	56.4966	62.0475
1147	54.3693	73.3852
1148	61.7091	75.5201
1149	73.6413	83.3552
1150	64.6608	83.9157
1151	78.7782	83.3846
1152	63.5762	54.8813
1153	81.8675	73.0733
1154	77.4994	57.4858
1155	70.1765	85.7713
1156	62.599	79.4499
1157	69.0587	84.7159
1158	86.9682	69.0049
1159	55.294	74.5544
1160	69.8189	54.999
1161	75.723	53.7513
1162	81.9748	84.4368
1163	85.1912	68.3294
1164	80.8061	81.6115
1165	60.932	60.3073
1166	61.6097	59.2274
1167	75.4677	56.8575
1168	88.7885	72.5898
1169	54.3431	75.8118
1170	82.4982	83.1084
1171	63.6817	81.2324
1172	83.3288	73.664
1173	56.3243	63.1522
1174	76.3617	56.844
1175	63.7664	56.0276
1176	77.1253	83.5205
1177	66.9685	85.9708
1178	83.1704	58.1548
1179	70.4131	85.5948
1180	66.4076	82.3347
1181	85.1448	76.1043
1182	67.0486	85.5912
1183	81.9884	59.3842
1184	57.6168	67.9737
1185	73.4379	58.1238
1186	85.3417	68.9771
1187	57.3599	66.3692
1188	53.0627	71.6355
1189	59.4817	78.8832
1190	76.1507	83.0317
1191	82.9089	60.0858
1192	73.7034	49.5686
1193	53.0702	66.833
1194	72.1551	49.7113
1195	82.117	78.8191
1196	61.9255	57.814
1197	86.1963	60.7293
1198	85.4054	75.6458
1199	78.53	57.7003
1200	73.7143	57.8971
1201	80.1518	55.1065
1202	75.3613	80.7044
1203	65.7955	57.6877
1204	85.4834	60.7087
1205	84.7112	64.9693
1206	57.2796	64.6271
1207	84.46	68.9082
1208	79.7748	61.0071
1209	54.9433	70.9058
1210	82.7811	78.1401
1211	53.8287	67.2876
1212	86.1668	70.0694
1213	79.783	80.4822
1214	66.2121	52.0291
1215	64.1493	81.7387
1216	81.0745	71.5345
1217	71.935	57.4598
1218	80.4027	54.9952
1219	62.2243	77.9146
1220	83.329	64.9081
1221	65.0269	84.7471
1222	81.568	83.3651
1223	74.9571	51.5813
1224	83.8339	66.5093
1225	83.7335	67.2676
1226	63.6902	52.9591
1227	72.256	83.2892
1228	56.6261	61.6359
1229	63.7712	54.6914
1230	79.9985	80.298
1231	79.6435	66.7792
1232	54.3228	82.7058
1233	84.5083	72.9934
1234	54.3139	58.2397
1235	72.2745	82.2988
1236	55.3241	63.5888
1237	69.5737	55.4328
1238	71.2211	86.1591
1239	81.1709	60.1914
1240	82.111	77.5506
1241	79.2642	62.002
1242	55.9721	74.8887
1243	85.0333	76.8214
1244	69.3694	85.0656
1245	58.6422	79.895
1246	67.9166	51.0363
1247	55.8152	70.617
1248	59.7902	79.7442
1249	55.386	71.8938
1250	78.6851	60.0294
1251	76.5324	80.6835
1252	84.2666	77.1241
1253	64.2997	82.3716
1254	85.3545	65.1877
1255	58.9736	80.9631
1256	68.7676	59.159
1257	81.4676	77.5953
1258	58.9839	62.6112
1259	83.241	72.6116
1260	86.0295	63.9363
1261	80.2588	85.5332
1262	82.3531	79.1251
1263	64.7077	54.6381
1264	67.4126	55.4249
1265	67.355	83.1793
1266	71.3661	87.4256
1267	78.4535	56.6525
1268	77.7692	81.217
1269	65.4081	85.9739
1270	62.6905	58.1523
1271	84.0285	72.2884
1272	77.055	82.9935
1273	78.7788	56.865
1274	65.2871	82.2729
1275	61.3073	56.1026
1276	81.5734	77.4612
1277	81.019	60.3459
1278	60.7777	79.895
1279	54.8502	73.3806
1280	72.2185	84.7511
1281	70.2206	54.293
1282	61.7844	55.6032
1283	54.596	65.8951
1284	82.6358	67.6476
1285	77.3677	58.5179
1286	75.3503	58.3279
1287	80.865	57.9678
1288	53.5339	72.6266
1289	81.8376	76.4069
1290	81.857	61.6976
1291	80.2935	62.5662
1292	74.2941	56.9103
1293	79.0972	78.5732
1294	70.7986	52.3313
1295	89.7971	66.5019
1296	75.9157	54.626
1297	86.4503	68.7864
1298	53.638	77.0325
1299	77.5388	57.0879
1300	69.0711	88.7311
1301	81.5398	75.1679
1302	59.6406	78.7805
1303	67.3667	85.851
1304	53.1386	74.538
1305	61.0606	61.2762
1306	56.943	68.1365
1307	79.5512	82.8382
1308	57.0196	61.9968
1309	79.1461	65.3346
1310	54.9273	63.7363
1311	54.4253	66.4535
1312	62.5834	81.0817
1313	54.0218	71.4512
1314	57.1709	59.527
1315	79.5104	82.0799
1316	58.5132	60.6597
1317	81.1264	60.7452
1318	62.5242	83.3011
1319	86.0823	61.2682
1320	84.8878	58.7532
1321	64.9388	84.6161
1322	67.7415	81.7011
1323	82.3658	78.7743
1324	82.6339	56.3585
1325	52.1597	76.6632
1326	76.763	56.895
1327	59.59	56.4824
1328	76.0427	84.7021
1329	68.9413	51.4114
1330	71.0427	52.5396
1331	57.8052	68.8264
1332	77.6368	81.8636
1333	81.3249	82.9518
1334	79.1245	57.6538
1335	75.1616	83.7284
1336	77.8591	56.3077
1337	56.8045	73.7037
1338	82.6625	62.8333
1339	75.9997	57.9465
1340	55.6856	69.5388
1341	83.9652	72.7153
1342	60.2862	80.0281
1343	79.8227	59.603
1344	57.7791	62.5763
1345	82.5858	60.1729
1346	69.9061	55.6145
1347	59.8005	78.8152
1348	75.384	78.8365
1349	77.9348	60.0461
1350	61.4023	58.5669
1351	58.5591	77.3104
1352	85.5226	71.9661
1353	81.6269	70.6507
1354	81.3565	62.9438
1355	82.8147	70.6821
1356	69.766	85.5775
1357	83.1072	67.2448
1358	61.7158	59.6276
1359	60.7615	82.9351
1360	69.8486	82.057
1361	77.0331	56.0477
1362	56.4946	80.1863
1363	61.3999	55.9945
1364	77.1731	59.1964
1365	56.7968	59.2095
1366	65.3321	84.8488
1367	85.415	68.8707
1368	59.8454	57.6314
1369	66.6575	56.6002
1370	81.4307	60.8274
1371	71.5616	53.9892
1372	83.1108	60.435
1373	60.6049	63.1711
1374	62.723	58.4485
1375	63.2235	59.9745
1376	84.8748	69.7634
1377	56.9591	81.0287
1378	83.9702	73.1521
1379	74.6019	81.605
1380	67.7351	54.7398
1381	73.7927	52.9809
1382	81.5526	62.3098
1383	77.2797	59.3487
1384	78.5748	56.6074
1385	81.5424	78.1233
1386	80.2715	80.6587
1387	71.5105	51.4313
1388	75.8082	82.9873
1389	81.3157	77.1115
1390	60.8236	81.7868
1391	73.1499	57.0907
1392	62.7193	82.9878
1393	79.8982	56.5925
1394	53.5185	73.0865
1395	82.2398	65.5326
1396	85.1552	77.2734
1397	79.0797	60.0212
1398	59.1052	80.0179
1399	79.5245	57.5993
1400	80.1612	81.8769
1401	54.6339	62.8395
1402	81.0901	62.6272
1403	66.691	54.8987
1404	72.2034	58.0165
1405	76.7539	83.6396
1406	58.9843	57.5841
1407	71.0574	54.9899
1408	77.4443	83.2646
1409	71.0806	57.356
1410	80.9491	76.761
1411	59.213	77.4911
1412	84.2431	66.8471
1413	74.8037	84.6013
1414	58.2932	81.9895
1415	77.5693	56.8697
1416	75.0164	82.8054
1417	70.0923	82.4842
1418	64.9923	56.485
1419	58.1907	80.604
1420	55.6928	61.0871
1421	64.5623	87.4021
1422	66.289	84.1474
1423	63.5344	80.5012
1424	82.8313	59.1069
1425	82.169	61.3193
1426	59.3299	83.0223
1427	86.9854	60.4112
1428	57.3217	78.8048
1429	82.3538	83.3568
1430	68.6045	56.0986
1431	60.4031	80.6686
1432	58.8968	54.6082
1433	69.4199	85.941
1434	49.3292	65.4159
1435	61.098	55.5813
1436	59.7282	55.1743
1437	56.6765	77.6802
1438	60.6326	78.7685
1439	78.197	81.7614
1440	65.3264	56.9693
1441	62.747	58.3025
1442	62.3396	57.5024
1443	81.5281	83.4401
1444	78.5024	54.6834
1445	82.5208	81.4268
1446	82.1013	80.536
1447	74.9136	85.0419
1448	68.885	83.6263
1449	65.73	55.8237
1450	65.145	86.5746
1451	74.0913	85.0271
1452	83.6296	63.9103
1453	62.8477	56.6678
1454	83.7702	60.8777
1455	77.3674	80.0265
1456	79.961	76.3287
1457	81.8738	78.7748
1458	69.4186	85.6962
1459	64.0276	90.0751
1460	54.3979	73.5619
1461	85.2467	73.858
1462	66.0788	85.0493
1463	69.039	56.6764
1464	82.4324	78.4489
1465	78.6024	58.4672
1466	61.7647	56.3977
1467	54.6074	76.3515
1468	58.7225	59.1662
1469	75.7116	56.7931
1470	74.4388	79.8919
1471	67.5399	87.8209
1472	57.1066	81.2645
1473	62.8132	60.2575
1474	75.0373	53.4073
1475	85.8711	76.1282
1476	85.0765	64.2995
1477	55.9023	60.9598
1478	74.6604	56.3222
1479	59.9106	79.5043
1480	58.6564	83.9605
1481	78.2094	56.7972
1482	87.8157	66.9995
1483	83.8771	81.9183
1484	56.0035	78.7248
1485	63.9345	84.2027
1486	66.197	57.0413
1487	59.4288	64.475
1488	53.5279	62.8704
1489	62.3154	82.3996
1490	55.4283	67.8698
1491	62.5482	57.9736
1492	70.1189	83.2993
1493	56.8997	81.5676
1494	75.0191	61.984
1495	82.1229	74.3272
1496	59.3552	56.5583
1497	80.895	55.3691
1498	81.6421	57.5109
1499	70.9183	86.0282
1500	86.0624	66.9511
1501	60.4072	57.8994
1502	57.5145	78.6842
1503	75.4469	53.6775
1504	54.5102	75.2383
1505	79.7639	79.0207
1506	55.533	70.2388
1507	57.8698	77.4504
1508	55.1386	64.4237
1509	58.1011	60.8653
1510	59.593	60.3414
1511	74.6181	86.6145
1512	62.0391	55.1959
1513	83.5865	74.8217
1514	72.1237	82.3598
1515	58.5217	59.254
1516	56.9359	72.2265
1517	79.3151	78.1113
1518	70.8968	54.7035
1519	78.0822	55.273
1520	84.0092	66.8162
1521	64.8575	53.4339
1522	84.9257	74.4156
1523	66.7036	54.4004
1524	66.9515	53.1228
1525	76.3907	85.4405
1526	82.0161	64.3656
1527	73.2123	53.9404
1528	66.5584	53.7476
1529	84.5951	62.7503
1530	76.3106	59.6971
1531	57.4536	74.0327
1532	61.2771	56.5451
1533	55.2927	70.1082
1534	50.8892	66.309
1535	78.6876	56.0827
1536	59.5622	71.1237
1537	76.5201	83.2464
1538	56.9032	62.9541
1539	59.3906	79.0722
1540	56.4796	60.1058
1541	59.9614	78.8881
1542	87.7798	67.6972
1543	68.0368	83.1449
1544	86.7118	66.1091
1545	79.7634	80.8486
1546	58.0744	77.2828
1547	66.4183	81.2851
1548	64.8922	53.7625
1549	81.5594	65.0419
1550	59.3391	58.2714
1551	65.5444	87.0947
1552	63.0365	80.206
1553	64.118	61.8948
1554	81.5154	66.9139
1555	63.444	83.4077
1556	80.2003	79.039
1557	54.7985	62.7721
1558	63.9742	59.4883
1559	79.0414	56.0243
1560	66.1755	86.653
1561	58.0992	68.2887
1562	86.6095	72.6598
1563	75.374	86.5049
1564	70.0185	54.1274
1565	69.9422	86.3929
1566	77.6633	57.8202
1567	70.3035	56.561
1568	85.0487	73.0973
1569	79.5544	59.5706
1570	68.8669	52.8614
1571	58.39	65.2957
1572	71.2276	85.7182
1573	67.3054	81.1811
1574	61.416	55.5901
1575	83.5982	66.2066
1576	83.8661	67.8772
1577	87.2835	71.4111
1578	69.8949	82.4674
1579	78.6357	60.8176
1580	78.5027	54.5299
1581	61.9926	59.3167
1582	70.3977	57.6105
1583	72.3248	55.9767
1584	84.2901	66.7388
1585	63.3473	55.2266
1586	76.2127	84.8603
1587	57.7197	81.9456
1588	57.3796	76.0839
1589	57.3581	62.6319
1590	69.5754	83.4682
1591	79.9955	84.6694
1592	78.3701	82.1029
1593	84.195	63.578
1594	59.6993	60.8485
1595	58.3103	64.2572
1596	60.3452	81.9607
1597	72.4935	83.0545
1598	76.926	85.698
1599	56.1933	78.0566
1600	53.7036	9.1946
1601	22.1198	21.3354
1602	33.1884	36.0798
1603	21.8445	75.2656
1604	53.0499	99.6631
1605	82.3688	98.1133
1606	0.8804	66.8938
1607	44.5667	90.4496
1608	61.3701	62.1132
1609	95.8897	68.2551
1610	32.0937	91.5932
1611	94.4988	38.5876
1612	54.0237	28.2829
1613	91.1336	82.2109
1614	37.4958	80.2817
1615	44.5557	4.3852
1616	89.8282	19.2512
1617	51.3895	94.8212
1618	16.7395	95.6276
1619	53.7975	0.7331
1620	6.5472	67.0335
1621	77.3582	86.4951
1622	42.4209	10.3927
1623	53.7754	70.2743
1624	97.6224	77.5207
1625	64.6561	93.9751
1626	74.6891	15.3755
1627	45.9225	33.1715
1628	8.7521	5.4268
1629	79.4215	55.8084
1630	57.4962	22.7646
1631	25.8648	38.8033
1632	63.0217	43.3025
1633	1.6891	67.3299
1634	53.4834	64.1423
1635	61.8349	75.5961
1636	58.5608	70.0882
1637	7.2589	92.8048
1638	10.6136	78.6892
1639	30.1351	8.6505
1640	76.5274	43.7676
1641	39.5113	66.0723
1642	47.3988	53.3468
1643	13.6381	39.0993
1644	79.7485	54.5724
1645	96.0134	14.4076
1646	67.7289	91.4169
1647	79.5017	72.9325
1648	37.3131	94.9465
1649	55.3524	55.507
1650	12.3235	0.503
1651	59.6655	53.7152
1652	94.6979	30.4691
1653	74.8297	90.3546
1654	34.3852	41.2654
1655	64.5932	51.2553
1656	16.0954	22.0788
1657	83.4748	19.4326
1658	18.1358	79.966
1659	85.2251	85.1388
1660	93.237	99.4313
1661	46.1265	54.9665
1662	29.0653	6.7363
1663	9.8202	72.5589
1664	48.719	33.0851
1665	12.8215	65.5473
1666	10.0045	61.9516
1667	90.0119	31.7786
1668	45.0646	61.6342
1669	30.5675	58.417
1670	56.5552	36.4493
1671	31.6333	42.8307
1672	0.4832	24.6175
1673	22.1526	73.9816
1674	43.6124	84.011
1675	13.4306	73.2973
1676	87.7886	46.2848
1677	35.8742	30.5472
1678	55.1672	17.577
1679	60.6628	84.1793
1680	85.8714	14.0002
1681	53.8618	26.3235
1682	88.6336	7.6462
1683	7.54	1.863
1684	50.7178	3.1194
1685	58.189	40.5134
1686	59.0036	90.6304
1687	55.1594	54.3469
1688	99.8728	47.2104
1689	77.5197	36.5819
1690	22.3307	77.2145
1691	73.3227	29.0999
1692	46.4701	51.0412
1693	39.6785	50.2167
1694	66.2678	84.7982
1695	80.654	61.4036
1696	16.5844	51.4137
1697	44.622	17.9145
1698	94.8712	65.9413
1699	96.7736	73.592
1700	48.3503	35.8796
1701	21.8819	48.7642
1702	6.2861	36.9435
1703	4.2808	20.6774
1704	90.7726	36.1251
1705	46.9674	45.4643
1706	4.6437	98.059
1707	32.4071	70.3736
1708	52.1373	82.9647
1709	83.4872	26.3316
1710	54.435	17.385
1711	65.3675	36.5297
1712	65.3337	83.5469
1713	51.6663	37.6329
1714	90.7242	51.6372
1715	35.2898	86.7719
1716	48.6862	48.211
1717	60.4211	50.1837
1718	13.8968	16.5606
1719	7.7088	64.3477
1720	21.1517	18.6906
1721	36.2223	71.7303
1722	11.833	23.0346
1723	81.1173	72.0256
1724	48.1517	47.8815
1725	21.0704	16.1246
1726	83.3365	2.2446
1727	4.3144	57.3487
1728	16.1129	62.954
1729	3.9191	57.2269
1730	5.5912	25.826
1731	18.0038	95.8238
1732	59.9358	56.3605
1733	1.862	71.9547
1734	66.1745	28.3455
1735	8.5749	44.9203
1736	99.2776	86.7302
1737	17.0567	83.0364
1738	60.0839	79.4616
1739	82.0453	18.1884
1740	65.9649	26.4521
1741	72.4187	34.2671
1742	45.347	59.0596
1743	22.9814	38.5462
1744	10.857	20.2349
1745	85.9592	50.436
1746	41.9795	14.9561
1747	9.6299	47.5869
1748	61.4748	3.9037
1749	78.3868	50.3329
1750	11.7516	48.2241
1751	13.0329	60.3475
1752	82.7522	89.6969
1753	77.487	64.9232
1754	52.2044	37.0377
1755	4.3438	52.9817
1756	22.9486	80.23
1757	78.9556	38.1236
1758	58.9048	74.1394
1759	76.1539	69.6708
1760	9.7717	13.3883
1761	47.7141	23.2513
1762	85.9053	28.3267
1763	87.6766	40.8647
1764	18.9021	70.9149
1765	78.9422	57.7987
1766	11.7829	0.7194
1767	65.4546	68.7767
1768	31.5902	36.227
1769	15.4779	65.1576
1770	25.3633	85.4977
1771	42.3562	36.5644
1772	27.5561	68.0606
1773	75.4972	41.3228
1774	78.3788	48.2468
1775	37.0213	55.4911
1776	25.3778	30.6653
1777	34.4356	70.5495
1778	73.5782	85.4999
1779	65.9283	74.7814
1780	44.6595	69.9311
1781	16.1795	21.4458
1782	40.0561	33.8438
1783	55.0576	69.7057
1784	70.679	16.0738
1785	96.457	0.5291
1786	9.1089	14.5328
1787	92.5862	43.5377
1788	6.408	22.177
1789	8.004	3.7755
1790	38.4326	98.4448
1791	61.3966	52.1006
1792	71.1606	59.7473
1793	94.5716	82.0229
1794	64.0291	43.8972
1795	20.1707	65.6884
1796	80.391	28.6007
1797	3.3609	59.9515
1798	51.5814	23.1671
1799	16.9483	3.6061
1800	23.9257	0.0287
1801	15.7445	99.6817
1802	77.9673	35.3128
1803	39.5143	58.608
1804	51.7743	73.6926
1805	6.8617	9.0166
1806	28.4494	82.9765
1807	91.5009	34.8095
1808	96.3288	27.6508
1809	60.6363	19.4525
1810	92.9714	57.4907
1811	26.1108	40.7135
1812	10.6465	7.2386
1813	29.4252	94.7015
1814	80.2942	95.6709
1815	87.6113	81.3147
1816	57.4894	69.4192
1817	96.6055	56.3169
1818	76.9967	75.7473
1819	96.1239	45.8848
1820	46.072	58.6827
1821	2.7351	11.6268
1822	6.7554	63.3662
1823	99.4198	67.6913
1824	22.993	31.5731
1825	95.5446	51.6504
1826	0.9723	83.2177
1827	24.8258	9.3009
1828	67.3698	82.1075
1829	7.6029	93.1396
1830	47.6555	35.3538
1831	89.4316	26.9076
1832	94.7118	68.3107
1833	90.9927	49.8999
1834	19.9667	73.5429
1835	87.2742	20.6779
1836	20.2767	24.9695
1837	61.8597	15.5996
1838	10.6689	92.0188
1839	67.5812	66.3424
1840	61.3827	76.4244
1841	54.1474	4.2263
1842	48.2292	62.0667
1843	49.234	98.5361
1844	89.7	86.8769
1845	49.0805	98.4395
1846	91.6007	28.0267
1847	22.2093	57.6665
1848	5.4148	79.927
1849	47.832	54.0768
1850	50.2475	39.3717
1851	68.6339	17.48
1852	97.6507	69.8245
1853	46.0071	68.9211
1854	1.182	21.0752
1855	58.1008	32.5436
1856	61.2778	25.9701
1857	54.8563	23.7139
1858	47.1345	61.3084
1859	36.5924	49.877
1860	21.0532	70.0713
1861	37.231	85.4326
1862	27.963	17.9889
1863	13.1139	57.5893
1864	22.8567	9.987
1865	26.9949	23.5805
1866	43.2219	38.0883
1867	14.5844	95.9148
1868	14.9548	80.5668
1869	17.6607	49.9598
1870	99.5562	84.939
1871	51.7007	72.056
1872	78.5333	30.0034
1873	56.2138	56.7835
1874	39.8402	69.0543
1875	6.0036	81.3818
1876	47.6539	62.9862
1877	44.9855	33.4657
1878	36.0962	56.035
1879	93.1845	25.7715
1880	1.9835	12.1237
1881	86.7369	96.3117
1882	19.8958	57.5894
1883	64.9131	17.4539
1884	78.0309	35.5109
1885	67.3193	48.7494
1886	73.6526	88.9632
1887	38.1071	28.6524
1888	63.1712	14.4848
1889	16.7576	80.7717
1890	33.7388	63.1273
1891	57.1638	84.8901
1892	7.1344	16.1999
1893	22.8218	31.6878
1894	29.1356	26.7472
1895	64.4644	27.1248
1896	44.4898	86.2806
1897	36.3165	58.692
1898	96.5526	41.3989
1899	18.3886	2.3101
1900	72.7772	66.2023
1901	94.0437	70.0697
1902	8.0065	16.691
1903	10.3009	6.3792
1904	87.8691	54.8434
1905	2.6365	39.7013
1906	76.4996	8.3251
1907	26.2452	15.5274
1908	65.4833	88.5471
1909	30.9371	24.7397
1910	28.4175	62.6481
1911	13.1277	83.8518
1912	2.8571	66.3549
1913	86.0369	32.5201
1914	47.6155	97.4982
1915	54.0584	27.2414
1916	44.4845	96.9542
1917	69.7623	17.7037
1918	59.7584	63.1048
1919	63.5851	56.3984
1920	52.346	63.9528
1921	30.9661	34.7168
1922	53.9668	80.4708
1923	44.186	36.5783
1924	25.9807	30.3573
1925	0.0092	81.538
1926	84.7946	34.3885
1927	46.9198	0.8317
1928	92.2088	94.6958
1929	47.7067	0.9133
1930	43.0435	29.2923
1931	23.1215	0.7218
1932	37.3644	41.1736
1933	56.0554	39.4752
1934	16.3269	73.7118
1935	38.9723	37.8358
1936	26.298	42.2239
1937	23.9562	76.4538
1938	90.9954	80.7575
1939	68.464	28.4677
1940	74.2927	80.8809
1941	41.2904	85.3482
1942	18.2407	28.9595
1943	63.6893	61.7729
1944	27.2134	62.2754
1945	18.7789	1.9395
1946	4.9632	53.4971
1947	18.5938	10.2273
1948	26.9195	71.5196
1949	72.7107	23.281
1950	15.0684	49.358
1951	34.1913	31.1577
1952	79.9462	99.7963
1953	46.3684	79.1425
1954	33.0249	84.3546
1955	95.1644	5.6038
1956	77.5653	7.1385
1957	47.0147	19.2192
1958	84.1539	81.7251
1959	82.8252	12.1962
1960	76.8146	24.8962
1961	77.1225	44.2961
1962	73.7619	3.351
1963	46.0835	77.0996
1964	52.1139	98.2116
1965	47.2826	68.1442
1966	31.2109	32.3063
1967	62.9164	4.2186
1968	93.7421	52.0926
1969	25.3313	63.852
1970	19.8724	88.752
1971	86.3658	21.7788
1972	11.2928	63.2909
1973	32.4513	16.736
1974	27.61	11.965
1975	78.9144	0.893
1976	4.1993	78.3475
1977	47.5271	59.6212
1978	37.1399	8.948
1979	15.7698	9.1402
1980	61.8645	93.0849
1981	99.6973	62.5132
1982	5.9775	64.4575
1983	70.1328	79.1466
1984	12.5827	23.2675
1985	98.1676	78.8562
1986	75.6698	80.5525
1987	43.8719	19.2965
1988	68.925	35.8167
1989	13.4732	89.8663
1990	48.5302	43.75
1991	29.4715	69.7038
1992	18.9776	18.6627
1993	34.7665	73.2402
1994	27.5324	83.135
1995	91.4474	55.452
1996	6.8877	15.5025
1997	29.5673	26.3349
1998	36.7113	0.072
1999	63.8026	37.9044
