Id	NEAR_X	NEAR_Y
0	63.9427	14.326
1	2.5011	66.0212
2	27.5029	22.1043
3	22.3211	30.0501
4	73.6471	6.0958
5	67.6699	94.852
6	89.218	87.9714
7	8.6939	91.1578
8	42.1922	62.5993
9	2.9797	42.7201
10	21.8638	49.5621
11	50.5355	97.229
12	2.6536	94.1586
13	19.8838	67.1343
14	64.9884	78.5805
15	54.4941	31.8734
16	22.0441	41.6325
17	58.9266	14.9218
18	80.943	37.646
19	0.6499	75.4416
20	80.5819	47.3519
21	69.8139	84.9341
22	34.0251	30.0736
23	15.5479	70.7577
24	95.7213	80.5776
25	33.6595	91.4741
26	9.2746	56.2386
27	9.6716	96.7786
28	84.7494	55.7287
29	60.3726	13.4093
30	80.7128	24.2859
31	72.9732	20.3337
32	53.6228	64.6706
33	97.3116	92.2226
34	37.8534	84.7133
35	55.2041	9.2464
36	82.9405	72.4585
37	61.852	19.0482
38	86.1707	26.8462
39	57.7352	67.3672
40	70.4572	60.2922
41	4.5824	87.362
42	22.7898	18.8163
43	28.9388	76.1696
44	7.9792	72.4305
45	23.2791	55.885
46	10.1001	47.9394
47	27.7974	86.9474
48	63.5684	33.2964
49	36.4832	95.702
50	37.0181	1.5334
51	20.9507	93.716
52	26.6978	96.2078
53	93.6655	11.7316
54	64.8035	99.9572
55	60.9131	47.8921
56	17.1139	24.2593
57	72.9127	60.4402
58	16.3402	20.4513
59	37.9455	91.5126
60	98.9523	55.2079
61	64.0	77.5514
62	55.695	38.0662
63	68.4614	53.365
64	84.2852	35.926
65	77.6	26.1562
66	22.9048	51.2817
67	3.21	49.7277
68	31.5453	9.8608
69	26.7741	98.1318
70	21.0983	46.949
71	94.291	83.9731
72	87.6368	91.433
73	31.4678	37.0705
74	65.5439	41.393
75	39.5632	56.2525
76	91.4548	22.1274
77	45.8852	14.5923
78	26.488	26.0774
79	24.6628	93.4758
80	56.1368	57.9143
81	26.2742	41.7578
82	58.4586	15.2411
83	89.7823	32.9865
84	39.9401	37.984
85	21.9321	83.3363
86	99.7538	49.9301
87	50.9526	65.4608
88	9.0909	68.4847
89	4.7116	25.7327
90	10.9649	82.1592
91	62.7446	96.6508
92	79.2079	64.1694
93	42.216	49.0596
94	6.3528	16.8234
95	38.1619	79.4976
96	99.6121	16.9266
97	52.9114	72.0314
98	97.1078	48.8316
99	86.078	91.6899
100	1.1481	54.2137
101	72.0722	64.1809
102	68.171	5.8732
103	53.697	3.3824
104	26.6825	84.6697
105	64.0962	94.5188
106	11.1552	66.8216
107	43.4765	76.4339
108	45.3724	41.2392
109	95.3816	84.2545
110	87.5853	23.1433
111	26.3389	70.717
112	50.0586	0.9141
113	17.8652	50.5733
114	91.2628	37.3201
115	87.0519	61.7835
116	29.8445	66.6755
117	63.8949	61.6519
118	60.897	48.3204
119	15.2839	48.7854
120	76.2511	0.6612
121	53.9379	55.1644
122	77.8626	1.1851
123	53.0354	52.9418
124	0.0572	27.4741
125	32.4156	97.7479
126	1.9477	1.7143
127	92.9099	81.3157
128	87.8722	67.4033
129	83.1666	80.6168
130	30.7514	90.9773
131	5.7925	10.7016
132	87.801	9.6314
133	94.6949	14.8897
134	8.5653	19.1932
135	48.599	52.6456
136	6.9213	81.5214
137	76.0602	26.7325
138	76.5834	39.6896
139	12.8391	37.3052
140	47.5282	40.6027
141	54.9804	56.5002
142	26.5057	99.0233
143	87.2433	22.5857
144	42.3138	68.4042
145	21.1798	84.7867
146	53.9296	65.3736
147	72.9931	85.8219
148	20.1151	75.9586
149	31.1716	9.3501
150	99.5149	37.9264
151	64.9878	55.2701
152	43.81	5.6115
153	51.7576	0.945
154	12.1004	17.1384
155	22.4697	49.9858
156	33.8086	43.391
157	58.8309	78.4376
158	23.0115	56.5857
159	22.0217	85.796
160	7.0993	9.5362
161	63.1103	52.8159
162	22.8942	4.2552
163	90.542	21.1417
164	85.9635	86.8117
165	7.0857	88.7554
166	23.8005	47.55
167	66.8978	4.6562
168	21.4237	7.4348
169	13.2312	92.5585
170	93.5514	89.9312
171	57.1043	56.351
172	47.2671	3.2902
173	78.4619	92.8766
174	80.7497	31.4485
175	19.041	96.1469
176	9.6931	58.7036
177	43.1051	75.2254
178	42.3579	71.2711
179	46.7025	39.8296
180	72.9076	7.6937
181	67.3365	16.245
182	98.4165	24.0472
183	9.8418	83.4651
184	40.2621	38.9157
185	33.9303	89.6526
186	86.1673	33.173
187	24.8656	75.5609
188	19.0209	13.9951
189	44.8614	98.8478
190	42.1882	72.4164
191	27.8545	50.0793
192	24.9806	97.4323
193	92.3266	5.3696
194	44.3131	43.7088
195	86.1349	83.8675
196	55.0325	34.0593
197	5.0588	76.9006
198	99.9282	95.4858
199	83.6028	39.6703
200	96.8996	77.3555
201	92.6367	2.9626
202	84.8696	27.3327
203	16.6311	99.2586
204	48.5641	49.0603
205	21.3747	35.5811
206	40.104	94.1143
207	5.8635	43.1848
208	37.8973	67.9695
209	98.5309	66.0672
210	26.5203	8.5694
211	78.4071	61.8616
212	45.5008	79.8055
213	42.3007	71.3109
214	95.7318	8.2038
215	99.5423	15.4221
216	55.5768	71.1677
217	71.8408	63.3901
218	15.4797	73.9655
219	29.6708	31.6678
220	96.8709	10.6551
221	57.918	0.5195
222	54.2195	30.8267
223	74.7976	35.9917
224	5.7165	26.9766
225	58.4178	13.2507
226	50.285	18.7392
227	85.272	44.8844
228	15.7433	55.474
229	96.0779	40.8044
230	8.0111	2.6262
231	18.5825	35.3914
232	59.5035	9.3064
233	67.5213	59.8044
234	23.5204	32.443
235	11.9887	38.5238
236	89.0287	29.1847
237	24.6215	38.78
238	59.4519	8.47
239	61.9382	90.1136
240	41.9225	90.5208
241	58.3672	97.8173
242	52.2783	57.196
243	93.4706	16.9583
244	20.4259	38.0732
245	71.6192	13.884
246	23.8686	30.1131
247	39.5786	49.3124
248	67.169	6.3267
249	29.9997	43.4676
250	31.6177	42.1102
251	75.1864	48.4231
252	7.2543	7.6921
253	45.8286	25.17
254	99.8454	24.659
255	99.6096	62.5034
256	7.3261	59.3806
257	21.3154	19.5548
258	26.52	10.6972
259	93.3259	30.4658
260	88.0864	94.8823
261	87.927	33.2217
262	36.9527	62.0192
263	15.7747	80.4076
264	83.3745	32.9542
265	70.354	33.4736
266	61.1678	81.5475
267	98.7233	85.9508
268	65.3976	97.4225
269	0.7823	13.6124
270	81.7104	32.0665
271	29.9379	94.7279
272	66.3389	20.0851
273	93.893	31.4183
274	13.4291	96.4575
275	11.5429	96.8725
276	10.7036	29.1448
277	55.3224	69.4958
278	27.2348	49.1007
279	60.483	57.5879
280	71.7612	24.2424
281	20.3597	37.6055
282	63.4238	81.6495
283	26.3984	39.2935
284	48.8532	11.3888
285	90.5336	56.3851
286	84.6104	59.2227
287	9.2298	54.5629
288	42.3576	68.1713
289	27.668	55.0099
290	0.3546	95.3005
291	77.1119	46.1622
292	63.7113	70.8367
293	26.1955	43.8455
294	74.1231	29.1331
295	55.168	69.2835
296	42.7687	81.8966
297	0.967	79.5657
298	7.5244	40.9142
299	88.3106	49.9303
300	90.3929	63.3336
301	54.559	24.2021
302	83.4595	65.8663
303	58.251	71.5236
304	14.8094	78.9077
305	12.7446	7.3965
306	30.8258	99.0701
307	89.8981	47.9235
308	79.6122	40.0805
309	86.0703	50.6613
310	89.8925	92.0392
311	21.0077	69.1709
312	24.953	54.3645
313	10.2794	79.0721
314	78.0116	35.9529
315	88.4135	89.5502
316	40.6377	53.6906
317	62.0662	63.818
318	15.4553	8.4982
319	92.9881	76.8954
320	86.4606	65.7602
321	97.6206	35.5009
322	81.0772	64.7
323	88.1416	4.4297
324	2.4786	98.3608
325	73.6564	67.7472
326	33.2185	39.9618
327	93.0816	75.2683
328	80.2235	96.5717
329	86.4064	43.0456
330	81.0749	1.0548
331	26.6806	25.8738
332	78.7375	51.0676
333	10.8096	51.8798
334	87.2167	58.0518
335	85.8593	57.5235
336	22.2434	44.5779
337	81.6587	39.1134
338	46.0303	77.2342
339	30.5191	58.859
340	79.5345	50.0466
341	22.7595	34.4967
342	2.3664	2.4563
343	19.313	10.4549
344	32.8262	41.5975
345	86.4353	96.1728
346	96.6889	11.6069
347	27.9125	94.0676
348	64.1482	14.1675
349	39.9678	31.189
350	98.115	45.5333
351	53.6216	20.6867
352	93.9237	48.2926
353	11.5342	47.6163
354	97.0401	43.8166
355	17.8568	69.6763
356	96.2534	31.8909
357	26.5466	30.0264
358	10.8403	81.0186
359	43.4564	11.5085
360	72.8545	84.918
361	31.3677	64.797
362	60.6209	67.7139
363	51.1423	16.4354
364	38.5195	98.39
365	57.6588	24.3913
366	25.4723	17.4453
367	70.8785	16.0136
368	0.1691	55.9849
369	92.5575	95.8463
370	53.8452	23.1856
371	71.943	40.5047
372	74.195	18.4452
373	67.0629	64.0479
374	36.4221	43.2134
375	6.9974	2.9192
376	66.4238	61.4107
377	33.02	19.7324
378	31.3916	59.2203
379	84.8015	38.8836
380	71.9754	70.4736
381	30.0322	20.5784
382	30.9285	75.2325
383	40.8393	80.873
384	40.24	6.2564
385	29.5655	10.1752
386	12.7288	87.1979
387	42.0446	18.696
388	94.0364	32.5985
389	67.7318	45.755
390	90.2806	26.2353
391	61.5515	86.2637
392	30.095	52.7715
393	54.7937	63.9109
394	0.0406	59.6971
395	28.6914	61.1308
396	42.9888	58.7005
397	57.9985	34.7925
398	65.4706	84.5518
399	46.4988	61.7363
400	44.216	81.3738
401	21.3701	70.5988
402	47.3186	29.7445
403	90.1181	61.4485
404	79.6025	8.4752
405	16.9691	13.3948
406	8.4796	11.7862
407	51.5452	30.538
408	63.2941	18.3045
409	33.5188	69.3437
410	81.8423	51.0825
411	75.1138	41.8239
412	67.2796	13.7867
413	22.4641	38.371
414	19.913	18.5754
415	2.4425	63.5502
416	24.4843	69.3433
417	47.5136	64.526
418	84.9738	99.99
419	7.2828	55.4913
420	41.4441	48.9642
421	62.9765	14.0297
422	19.4435	31.458
423	69.6354	45.1001
424	49.4377	5.3611
425	24.3984	35.9039
426	65.6058	0.9583
427	0.5545	13.6535
428	75.0964	81.5216
429	77.0046	96.3829
430	10.6587	50.5438
431	42.5146	49.497
432	17.5887	68.4697
433	95.7966	41.563
434	51.7958	83.9892
435	5.0218	48.87
436	24.9198	8.2671
437	84.8336	3.0861
438	45.6462	76.1057
439	80.1417	29.209
440	66.7578	27.4853
441	98.7892	53.7609
442	59.5452	16.8209
443	95.004	45.7321
444	89.1426	74.2518
445	61.2652	76.592
446	71.9274	54.9726
447	50.4778	11.3211
448	83.0569	11.4207
449	54.7872	77.5113
450	89.7208	82.3283
451	74.3655	36.6862
452	47.4674	82.2611
453	25.9192	4.1611
454	24.724	71.898
455	63.7661	54.6353
456	76.5814	98.9776
457	52.13	10.2416
458	62.6748	83.0071
459	27.4597	75.1345
460	7.7483	29.7709
461	28.5728	99.9313
462	27.1715	44.9732
463	31.971	34.8577
464	54.0152	81.6729
465	13.8374	43.907
466	23.1261	99.3958
467	69.395	77.5632
468	70.6419	23.6946
469	6.4229	81.0703
470	40.7599	58.7924
471	54.2611	35.0631
472	41.5774	71.0754
473	20.6834	63.2771
474	42.0144	16.5982
475	90.4838	13.9235
476	58.4079	20.662
477	69.5523	20.6943
478	85.6732	5.9358
479	76.5595	35.0815
480	38.0381	28.1085
481	0.5896	53.8769
482	35.1759	32.3654
483	75.3475	70.4054
484	85.3448	28.9333
485	95.343	26.7343
486	41.9021	85.8017
487	74.7516	98.5488
488	54.6132	67.9299
489	60.3253	9.5225
490	22.0539	96.2772
491	21.9422	78.5691
492	43.5836	91.8769
493	2.9025	99.2486
494	33.613	86.7048
495	67.9142	12.6888
496	40.4317	86.6079
497	16.5045	24.9677
498	46.739	71.1395
499	12.7628	82.8482
500	62.2257	76.1474
501	2.6966	67.6235
502	39.402	48.9459
503	56.4392	57.7426
504	2.7102	26.8717
505	64.275	41.4225
506	13.5699	45.1992
507	46.1698	63.3628
508	5.0285	88.0125
509	37.9104	9.3095
510	21.166	51.5613
511	32.6846	27.8226
512	76.123	93.6336
513	37.9126	36.9071
514	75.201	95.0254
515	83.1924	32.7289
516	25.2272	0.2473
517	8.1906	77.4135
518	1.9383	73.2724
519	53.9419	73.0932
520	99.9908	45.8449
521	34.996	66.4144
522	65.0144	35.8223
523	78.1233	6.3331
524	65.1755	53.4424
525	75.4233	21.783
526	94.9612	42.9643
527	19.9361	21.1851
528	2.038	26.8537
529	15.2382	82.8344
530	12.6221	33.7755
531	66.9459	57.7934
532	56.397	56.6142
533	21.7965	48.5338
534	69.9465	34.374
535	76.6898	68.2552
536	16.7789	4.8409
537	60.7247	9.9575
538	74.7926	78.389
539	11.4533	45.9582
540	81.9301	12.4237
541	96.4721	85.7652
542	10.8099	44.1286
543	2.5678	0.0676
544	31.1957	95.8032
545	67.7347	20.2318
546	95.8173	68.8592
547	39.6654	13.1913
548	71.5015	64.9997
549	7.5996	15.8977
550	69.0614	93.2726
551	62.7242	27.4019
552	10.1901	65.4588
553	77.2481	25.0389
554	85.0293	37.1844
555	60.0412	90.38
556	12.1055	16.5525
557	98.3844	39.6342
558	78.2635	30.5509
559	34.7204	69.9441
560	42.8378	23.4144
561	37.0571	65.5485
562	50.5961	70.3698
563	34.1231	0.1086
564	84.9576	47.6807
565	82.2331	13.27
566	10.5539	22.6191
567	96.0788	67.9983
568	63.5585	0.9287
569	82.8707	69.5597
570	70.7309	81.7109
571	43.5487	98.8155
572	73.3795	42.2314
573	96.5474	13.2175
574	27.0082	7.0828
575	80.8199	38.307
576	53.8173	73.0763
577	48.3498	10.2427
578	43.5574	31.3351
579	73.1026	88.0989
580	26.8396	13.7129
581	85.1713	77.346
582	83.0731	75.3158
583	8.6663	13.3146
584	88.1631	99.294
585	24.3863	14.2853
586	46.4708	53.0508
587	61.0332	0.8475
588	37.8989	65.002
589	2.87	44.0099
590	85.0953	72.2432
591	18.184	62.808
592	21.212	15.1374
593	79.7832	41.171
594	34.0339	68.6566
595	88.032	85.9963
596	70.1184	8.6688
597	27.6269	10.0465
598	1.0151	75.2446
599	94.8063	58.9574
600	8.5613	38.4032
601	72.0075	96.3249
602	48.8578	31.4504
603	75.8165	13.983
604	69.0609	27.6968
605	64.5903	8.4249
606	49.0821	55.3397
607	79.2933	60.0008
608	9.3053	60.7593
609	22.1596	77.897
610	69.1787	69.0476
611	30.6206	84.7892
612	58.1556	65.8405
613	47.326	30.1649
614	53.0922	51.7749
615	42.5504	50.9523
616	74.5935	74.7844
617	33.0791	29.5542
618	70.2855	5.4569
619	27.0916	89.7913
620	25.1404	95.4672
621	12.0656	49.4888
622	19.2584	11.2744
623	11.9555	49.9583
624	53.5864	59.393
625	76.219	52.8287
626	18.515	97.7697
627	21.6385	98.6883
628	48.4199	93.3924
629	72.4585	13.1983
630	97.6607	86.0814
631	52.4637	56.838
632	28.2999	36.5412
633	10.0526	68.2942
634	19.4118	76.2726
635	22.7483	95.4453
636	17.9442	77.0367
637	1.4148	1.6689
638	53.4135	6.7533
639	27.4311	26.2185
640	97.4295	3.9827
641	55.3359	6.0469
642	69.7417	78.929
643	12.6279	50.6611
644	86.8461	62.8571
645	49.0879	50.1049
646	87.272	41.5432
647	57.4064	70.1811
648	46.9397	8.2428
649	44.0469	53.6565
650	18.4364	61.6047
651	5.1377	27.7468
652	94.1064	30.9907
653	47.7729	51.1305
654	82.2116	20.3197
655	40.0707	80.806
656	7.4082	53.639
657	62.9446	39.0732
658	5.3609	63.4294
659	14.9198	83.4526
660	56.284	68.1056
661	30.3836	6.6115
662	99.3918	69.8676
663	11.8452	72.9958
664	76.4443	84.6468
665	60.6318	5.7906
666	79.0741	8.6213
667	22.5687	43.4484
668	52.2573	45.3372
669	45.0514	60.8832
670	44.2721	30.929
671	86.0167	74.1694
672	99.0031	74.0658
673	30.538	11.9443
674	62.1027	70.7901
675	60.9631	70.15
676	74.0089	16.3833
677	94.759	95.3016
678	20.7788	52.3005
679	21.1025	78.2987
680	66.0428	72.0766
681	15.7057	16.6963
682	17.3814	12.6931
683	7.5065	78.1124
684	0.2676	26.8764
685	45.0504	88.6415
686	59.3811	77.143
687	29.1259	2.9356
688	23.1476	80.7108
689	70.6956	27.1981
690	70.2988	6.3872
691	45.4031	71.2323
692	68.7385	57.6652
693	92.3911	7.707
694	78.7828	45.5198
695	62.5058	36.0124
696	66.1183	49.961
697	93.3668	56.6886
698	42.5139	36.7688
699	54.4562	25.5116
700	64.7635	10.2905
701	90.8411	57.3912
702	82.6631	72.2778
703	7.141	22.8404
704	16.5923	50.8825
705	30.7612	4.4038
706	74.8958	86.2928
707	56.9207	24.4551
708	28.8611	47.1765
709	12.4354	38.2979
710	68.8678	15.0085
711	69.9734	93.116
712	94.2676	85.7485
713	50.0472	55.2865
714	49.3795	91.3948
715	8.0442	74.0666
716	3.9861	41.9369
717	43.2029	32.1802
718	32.2322	41.6257
719	25.0368	72.0288
720	9.1327	27.1258
721	96.1911	7.7887
722	83.5959	37.2808
723	57.5199	50.2041
724	95.0786	90.1941
725	99.9572	17.9344
726	67.2282	80.4338
727	26.9511	98.1414
728	4.0232	95.4079
729	75.6269	6.8926
730	47.0501	46.5094
731	65.1509	28.2307
732	91.6073	84.4847
733	18.1489	32.7301
734	58.533	55.3091
735	63.4785	0.7969
736	49.1726	20.0671
737	9.1242	56.3807
738	34.7961	30.3909
739	33.3308	62.2718
740	67.0134	46.3927
741	85.7733	59.1691
742	32.9804	49.3361
743	69.3674	77.2613
744	28.8218	19.5422
745	94.5194	90.0443
746	81.3566	76.0482
747	55.0097	24.5127
748	45.4826	0.6378
749	31.4517	41.0036
750	32.3274	23.2998
751	97.0185	34.6424
752	40.4175	83.9574
753	51.4596	87.7199
754	98.8119	95.099
755	65.766	0.1462
756	54.2594	65.7304
757	41.3248	84.9006
758	18.7583	72.7215
759	36.1779	10.3949
760	75.6443	52.9814
761	62.5409	23.8168
762	75.9991	49.2029
763	20.3558	5.9895
764	54.922	99.6959
765	92.7673	71.1652
766	43.8116	9.3027
767	69.825	92.1274
768	12.1426	89.7287
769	97.3147	51.9759
770	60.8872	70.0847
771	23.9297	37.2492
772	15.8378	97.4555
773	55.0839	8.4902
774	55.2251	9.5577
775	9.3209	13.3514
776	99.2257	81.9963
777	91.293	7.483
778	46.1448	56.7821
779	11.7466	43.4983
780	83.2143	96.4218
781	49.8376	23.6772
782	71.6603	26.0991
783	50.8872	31.5009
784	27.3425	80.0817
785	83.4724	70.0726
786	98.0245	73.5353
787	24.3731	31.8058
788	55.1265	27.1956
789	38.3586	7.4687
790	92.1868	20.2713
791	50.8241	77.9937
792	87.9326	58.4708
793	86.4027	15.5411
794	27.6247	16.4375
795	79.0006	46.6055
796	41.4942	40.6513
797	93.4248	53.5925
798	50.7738	96.4635
799	82.0549	20.7636
800	28.2839	30.8308
801	29.8556	26.5008
802	58.6938	11.9914
803	99.8902	15.7615
804	48.964	68.6055
805	14.8595	82.6387
806	53.8581	69.6878
807	34.5124	4.033
808	55.1917	83.5925
809	54.343	32.7794
810	45.5345	9.1213
811	32.1777	24.8219
812	18.8652	35.5743
813	69.7498	51.346
814	57.1798	67.7183
815	23.3562	26.0167
816	77.5544	99.0677
817	4.3647	3.1082
818	74.4705	40.4392
819	70.5228	45.2201
820	81.1409	74.8078
821	38.6079	24.9853
822	66.3689	46.2043
823	82.0748	80.3897
824	98.0818	13.9793
825	49.5329	1.1957
826	3.702	83.0372
827	50.2291	98.2567
828	59.018	13.0715
829	86.97	82.3673
830	87.419	37.224
831	44.0306	63.0298
832	52.5951	64.4685
833	45.6928	58.2324
834	72.2444	25.8821
835	40.9979	81.2747
836	65.4781	2.18
837	15.4361	6.4472
838	46.9491	90.2496
839	96.9204	44.3431
840	33.8561	12.8792
841	69.2705	90.5078
842	64.9837	82.9356
843	85.1765	33.155
844	85.2341	4.2696
845	85.9342	46.0995
846	38.0009	16.7989
847	31.6661	57.3884
848	71.8717	82.1685
849	75.9402	39.4999
850	87.2383	2.9482
851	3.5899	68.3213
852	6.8421	17.2807
853	63.1161	21.4716
854	92.0929	18.7151
855	99.7426	27.9855
856	74.6766	88.3424
857	43.3971	3.4649
858	9.8443	61.9177
859	63.3748	24.5785
860	87.2579	29.5105
861	44.3679	41.1992
862	69.4001	55.0689
863	90.3424	6.0979
864	4.5991	27.9776
865	79.6143	13.7236
866	29.3368	19.9458
867	37.4841	88.4653
868	14.557	52.5814
869	53.1166	63.0754
870	56.5928	80.2168
871	79.2519	79.4846
872	16.9984	98.9404
873	7.8968	78.1916
874	87.084	35.9112
875	61.971	54.4518
876	24.083	48.4679
877	91.2829	91.2677
878	14.3118	50.2393
879	46.115	38.8381
880	25.3977	17.9816
881	25.5327	31.8878
882	0.9397	21.902
883	80.4633	89.5765
884	90.1209	77.8538
885	67.7611	5.8591
886	15.7976	99.1531
887	44.173	52.9432
888	34.5566	76.6842
889	58.7572	99.9606
890	63.8939	97.398
891	42.4309	10.0134
892	25.0098	65.6864
893	84.5304	26.6527
894	19.9217	81.6285
895	38.4693	91.7259
896	48.3208	5.5909
897	23.7206	99.6392
898	57.1923	21.9412
899	57.4812	84.6505
900	99.2692	79.7391
901	29.5231	35.4805
902	97.7944	83.9222
903	65.823	84.5221
904	27.448	17.61
905	56.5929	59.252
906	68.5799	80.621
907	74.4669	69.7627
908	4.9044	91.398
909	60.6406	2.8207
910	49.6727	70.0561
911	90.4155	94.7559
912	28.6194	56.3606
913	79.886	56.3109
914	60.7065	18.8234
915	35.2321	98.8006
916	63.6618	88.1626
917	62.0891	49.2227
918	67.7764	30.9053
919	72.0928	49.0436
920	65.9182	9.0257
921	83.8337	23.2623
922	62.8248	21.8809
923	90.3404	52.6449
924	64.6341	0.0683
925	30.8933	91.7896
926	44.0823	20.1464
927	57.9574	13.049
928	73.236	71.6938
929	9.0133	91.8781
930	29.511	84.4284
931	74.7481	32.3589
932	17.564	2.1913
933	13.216	58.6609
934	53.9408	91.7224
935	97.149	77.4366
936	53.0852	84.6481
937	91.3487	86.0669
938	83.0473	96.0559
939	25.697	37.3591
940	82.469	94.1923
941	48.1848	39.5596
942	80.6488	10.1032
943	74.6559	30.1765
944	33.8715	13.6452
945	11.517	15.7504
946	96.2893	94.8694
947	14.0757	79.1843
948	96.65	96.0662
949	86.0141	64.918
950	72.4217	17.4203
951	97.9942	96.8743
952	96.727	69.356
953	80.4588	92.8845
954	36.5775	78.6992
955	79.0682	22.3237
956	1.3919	58.895
957	53.6572	17.5352
958	45.4786	30.6823
959	67.2828	68.8498
960	67.2341	12.7348
961	58.456	72.8831
962	82.2417	94.8788
963	94.0292	94.8698
964	10.8346	39.1601
965	23.3822	99.4283
966	2.5025	96.5184
967	88.4235	3.2383
968	56.1407	60.2389
969	91.5256	92.1038
970	22.1367	96.7532
971	6.3217	22.0895
972	82.3855	56.555
973	90.9388	93.6688
974	30.219	14.0643
975	40.8296	74.5343
976	13.9777	23.7996
977	94.6262	98.238
978	30.4365	16.7887
979	49.2625	88.532
980	9.7192	8.8726
981	88.7259	70.8966
982	13.5664	63.9103
983	45.3644	88.6654
984	67.0486	44.663
985	74.314	26.5212
986	94.5974	24.9541
987	41.9127	6.7795
988	74.2269	25.6658
989	15.4523	10.8035
990	41.4885	0.1281
991	9.9022	38.5937
992	48.9347	73.2584
993	40.8116	96.9102
994	95.1522	88.4552
995	3.2716	49.3082
996	37.053	37.8713
997	44.3383	54.6024
998	95.0555	10.1429
999	85.545	47.9489
1000	9.9355	86.4051
1001	68.568	65.097
1002	54.4466	68.716
1003	97.7843	16.2657
1004	35.8674	7.3709
1005	39.814	84.5762
1006	18.9809	29.4909
1007	12.216	31.8717
1008	84.8033	95.1662
1009	45.4717	7.42
1010	66.2769	17.0105
1011	64.1704	37.5458
1012	59.7146	73.1985
1013	2.1357	54.7046
1014	78.6795	89.8124
1015	24.3569	9.3105
1016	12.5924	59.4031
1017	56.4578	61.3645
1018	6.861	48.2737
1019	76.5157	3.0993
1020	20.7157	94.2442
1021	21.5951	16.4997
1022	86.9695	88.9753
1023	32.856	15.7104
1024	14.7554	10.1258
1025	90.0531	20.555
1026	0.2836	18.9984
1027	85.8406	69.7197
1028	14.4688	72.2038
1029	12.9992	72.9974
1030	25.0654	26.5265
1031	17.4497	28.1523
1032	66.1058	23.7548
1033	2.578	4.9635
1034	1.486	57.177
1035	78.9985	83.9855
1036	23.7932	15.359
1037	32.3771	36.0829
1038	17.4246	42.7606
1039	5.2399	29.4549
1040	74.1718	66.202
1041	52.6086	60.0216
1042	74.5665	19.9675
1043	47.6246	2.5736
1044	77.8017	17.0832
1045	51.3238	29.1811
1046	10.9054	8.1936
1047	50.3839	84.3769
1048	94.5416	30.8353
1049	4.3365	39.7467
1050	78.3227	48.9097
1051	86.6981	66.104
1052	52.1451	9.1137
1053	45.8043	54.4126
1054	96.4026	18.4881
1055	6.0825	88.5493
1056	47.8982	36.9402
1057	40.1617	44.5775
1058	68.6097	26.3296
1059	49.0269	46.5058
1060	90.9701	22.6242
1061	7.3491	26.8562
1062	8.079	6.1639
1063	60.8297	75.2235
1064	6.5682	66.7468
1065	27.5016	8.5707
1066	63.3077	34.3791
1067	54.8356	54.1449
1068	32.5185	97.0706
1069	99.4628	58.9726
1070	53.0557	55.3602
1071	45.3715	84.0797
1072	60.5427	81.8405
1073	9.9178	41.8632
1074	70.1779	53.5514
1075	85.2793	86.6894
1076	65.0917	47.4824
1077	76.8963	88.1654
1078	72.084	47.6262
1079	21.5023	7.8955
1080	45.1555	90.2777
1081	22.8494	71.4306
1082	33.8932	50.2101
1083	45.3499	90.0455
1084	41.599	80.045
1085	9.5086	67.7535
1086	42.6764	62.0273
1087	66.5108	12.0282
1088	37.4301	75.7189
1089	15.2639	17.2879
1090	92.2985	98.4368
1091	6.7133	97.2165
1092	83.1772	80.8461
1093	9.323	12.6186
1094	9.6564	42.3375
1095	73.8796	98.828
1096	81.1769	43.5393
1097	55.6371	99.7269
1098	58.6465	62.7226
1099	56.1586	83.4108
1100	32.9646	25.7886
1101	12.2231	91.0804
1102	35.3598	91.4174
1103	66.5341	6.7012
1104	75.0284	38.8099
1105	86.8092	39.7355
1106	72.1061	32.6127
1107	96.8399	27.6201
1108	60.041	45.8157
1109	35.1646	87.3466
1110	57.7919	78.6551
1111	21.2739	62.3058
1112	65.6736	52.2562
1113	22.4245	41.9594
1114	10.8218	41.4442
1115	84.5373	14.82
1116	36.7561	58.7934
1117	76.2606	75.8377
1118	57.41	93.965
1119	80.7221	92.4928
1120	84.5155	56.2684
1121	97.4547	10.099
1122	81.8427	28.6093
1123	61.3573	53.5633
1124	64.2699	34.3869
1125	2.6254	41.089
1126	92.9084	38.3043
1127	82.9461	48.5585
1128	26.7448	60.8962
1129	18.0416	3.7466
1130	70.2699	27.5414
1131	30.8985	14.3853
1132	33.9825	60.8655
1133	0.6106	69.3661
1134	86.9863	3.8783
1135	56.6321	88.9574
1136	40.0784	33.1494
1137	14.1875	23.7579
1138	63.3172	74.575
1139	3.0657	92.0835
1140	74.6112	89.7031
1141	21.5133	2.0233
1142	41.9832	81.7386
1143	34.0896	30.3055
1144	37.0053	28.0347
1145	72.1596	49.1619
1146	77.6836	69.6183
1147	56.7594	9.8217
1148	8.4957	86.89
1149	5.2609	13.4386
1150	15.741	97.4219
1151	61.7838	44.3111
1152	67.3969	82.5823
1153	27.2103	26.942
1154	66.1939	41.6773
1155	48.5662	64.5555
1156	44.2044	18.7936
1157	27.3167	21.1391
1158	75.4943	82.3969
1159	11.3818	74.0945
1160	42.9914	75.9493
1161	28.3246	86.7189
1162	67.8486	82.1017
1163	48.6633	51.527
1164	66.7133	15.8972
1165	4.5417	31.1123
1166	39.5263	50.6795
1167	59.9325	13.565
1168	0.7687	85.1295
1169	30.1419	87.9333
1170	21.1234	2.8948
1171	13.7235	19.2763
1172	25.552	83.293
1173	32.8122	83.6977
1174	0.773	24.949
1175	74.7014	45.6449
1176	17.5695	91.8031
1177	38.0207	70.4634
1178	70.3671	27.3977
1179	50.0262	82.3506
1180	83.3354	50.5126
1181	80.62	63.541
1182	7.2075	12.3873
1183	86.1764	3.0563
1184	4.2302	37.2467
1185	1.8742	59.4044
1186	92.1162	17.7584
1187	86.211	87.0481
1188	57.5759	58.688
1189	57.34	34.976
1190	70.9499	16.3514
1191	41.7694	89.4492
1192	11.5173	74.8961
1193	2.0857	68.8851
1194	32.4768	28.5069
1195	80.1322	38.6566
1196	61.8125	16.2907
1197	83.2026	57.2258
1198	91.977	96.4918
1199	8.813	85.7111
1200	84.4484	64.738
1201	24.3316	67.7695
1202	58.8871	26.9084
1203	52.3963	40.9507
1204	39.5767	2.0052
1205	31.0275	78.0304
1206	33.9513	76.7573
1207	33.3069	0.8898
1208	16.8133	91.1515
1209	51.0483	64.7372
1210	11.4027	60.1142
1211	50.9952	0.8464
1212	90.5923	25.239
1213	34.9375	80.5086
1214	72.7379	30.546
1215	81.8949	96.7024
1216	81.5037	64.274
1217	23.6269	42.3807
1218	14.6444	37.6475
1219	19.7272	34.8709
1220	60.2399	25.1999
1221	76.0215	46.6698
1222	65.5509	67.7196
1223	17.7146	82.4311
1224	77.2848	39.7153
1225	49.4117	10.2312
1226	75.4446	51.1514
1227	75.9877	66.2355
1228	44.8905	84.3284
1229	92.4154	37.423
1230	56.4492	64.7342
1231	63.5298	60.905
1232	62.4522	29.8476
1233	86.4247	10.8105
1234	62.7217	6.3837
1235	15.0957	98.8361
1236	6.8286	64.0595
1237	44.2208	86.1492
1238	30.282	26.1147
1239	27.4674	71.1094
1240	5.6172	89.2374
1241	50.7337	29.8791
1242	31.0408	14.9929
1243	45.1914	76.5474
1244	5.689	89.9687
1245	83.1697	80.543
1246	7.6731	80.2364
1247	86.425	60.0033
1248	85.5293	66.053
1249	61.5008	68.0756
1250	50.7068	72.1283
1251	46.2712	65.5401
1252	55.4316	99.7469
1253	79.1818	25.9426
1254	89.5877	41.8566
1255	44.9734	38.8275
1256	80.9816	3.5319
1257	65.1837	70.8069
1258	32.1527	57.2042
1259	47.5629	18.9915
1260	15.0861	72.655
1261	6.1874	22.2363
1262	10.3502	53.4635
1263	89.9127	78.4897
1264	34.3438	90.6527
1265	71.4316	67.1868
1266	50.4549	50.7315
1267	17.2559	84.5419
1268	24.7744	84.0639
1269	43.7758	87.6495
1270	43.9422	18.1136
1271	52.2748	9.7603
1272	15.8746	12.7944
1273	37.2852	25.8652
1274	28.2894	80.8344
1275	40.8769	76.2918
1276	33.8367	18.3068
1277	59.7886	67.9712
1278	78.9227	33.5632
1279	64.7305	8.93
1280	6.5912	35.5283
1281	9.4506	74.421
1282	67.8379	30.7085
1283	28.4147	78.809
1284	72.3734	33.1317
1285	65.6564	26.0559
1286	90.6343	29.4051
1287	87.328	85.1214
1288	33.3362	47.0537
1289	58.274	86.6393
1290	14.1428	58.3575
1291	34.9821	94.4301
1292	96.7697	7.1216
1293	69.848	88.9426
1294	39.1958	50.0477
1295	59.5041	86.7498
1296	93.8002	38.1669
1297	30.9582	29.8356
1298	37.6679	5.4062
1299	79.1662	85.424
1300	81.3185	13.7365
1301	67.0116	20.0297
1302	82.8959	40.9192
1303	73.8775	56.9404
1304	68.5414	90.6621
1305	52.6393	45.7571
1306	64.6025	31.6383
1307	42.3406	71.5668
1308	36.1828	77.8941
1309	36.2598	48.7581
1310	18.0263	63.1033
1311	21.4193	17.6824
1312	94.7668	63.4499
1313	48.6271	0.4714
1314	22.6543	27.3528
1315	13.7565	76.1193
1316	7.7165	16.8606
1317	84.4428	76.4484
1318	10.1141	48.9577
1319	77.0875	76.3569
1320	83.512	8.8041
1321	88.3682	61.448
1322	3.7747	63.3488
1323	33.6764	40.3393
1324	76.6308	96.5328
1325	13.1049	38.3316
1326	37.672	3.7725
1327	16.2247	19.9414
1328	83.1345	37.3101
1329	77.1098	1.4077
1330	80.9044	32.2213
1331	16.5539	83.3229
1332	43.7673	19.0577
1333	41.0859	67.6748
1334	67.6363	62.6687
1335	23.753	24.8823
1336	44.4199	69.3525
1337	28.4928	34.435
1338	74.8537	12.8931
1339	44.8928	38.355
1340	53.4011	58.8671
1341	30.9468	16.702
1342	80.8624	82.3844
1343	46.9016	29.8202
1344	83.5113	29.0828
1345	36.7841	72.7832
1346	94.713	59.637
1347	98.444	33.7835
1348	46.168	88.7974
1349	28.1772	99.5472
1350	38.1872	34.2733
1351	52.746	90.1384
1352	96.6268	35.9251
1353	81.6891	18.8426
1354	80.1259	94.8084
1355	13.8399	91.8205
1356	25.0003	40.3392
1357	64.1179	22.8418
1358	87.4117	72.7169
1359	55.4541	13.1206
1360	10.259	73.4077
1361	84.5892	58.9693
1362	85.1166	16.8985
1363	28.5063	36.6591
1364	76.3117	65.054
1365	27.2791	3.7363
1366	90.5306	87.6544
1367	14.7349	25.5789
1368	43.7473	53.4733
1369	94.6413	4.8587
1370	22.2038	99.468
1371	45.1128	66.197
1372	34.9585	65.3568
1373	2.667	1.9742
1374	5.3257	68.975
1375	50.2007	41.6776
1376	23.5778	38.0254
1377	99.4525	54.7282
1378	37.4913	47.4396
1379	2.8188	15.3127
1380	93.0826	69.5192
1381	83.9176	63.0311
1382	64.9961	30.1116
1383	79.1381	66.1665
1384	13.76	66.2483
1385	28.6879	26.9977
1386	82.9762	60.5634
1387	69.6072	13.7164
1388	13.8793	83.0653
1389	70.5536	10.4914
1390	44.8601	71.8766
1391	0.5251	11.7735
1392	7.9226	11.4013
1393	25.5924	10.6264
1394	83.4963	19.8647
1395	54.8804	19.9749
1396	72.7235	26.2994
1397	52.7772	52.3146
1398	11.1187	20.1673
1399	28.8102	70.3437
1400	30.1151	29.5351
1401	4.7749	3.9406
1402	41.9826	49.6355
1403	79.3899	20.7694
1404	45.7114	93.3124
1405	11.0858	33.0604
1406	90.5147	0.2738
1407	59.6739	67.1633
1408	1.6435	90.688
1409	51.5376	83.5232
1410	24.1938	66.9022
1411	14.3577	14.9144
1412	42.9239	9.0083
1413	61.481	51.1705
1414	24.0564	72.3564
1415	41.6568	10.129
1416	66.4371	25.5892
1417	8.5614	23.116
1418	97.4654	98.8666
1419	6.7679	29.6022
1420	52.6059	46.4277
1421	50.7328	9.9809
1422	98.8331	17.4702
1423	55.4152	3.9445
1424	39.0454	29.0567
1425	47.0135	80.1596
1426	63.5671	31.2707
1427	98.1039	73.854
1428	25.365	9.4998
1429	1.6242	75.8204
1430	78.852	4.5889
1431	34.4802	85.1999
1432	73.2941	66.3355
1433	62.8257	17.0512
1434	77.1501	35.7527
1435	73.5187	43.7715
1436	33.2519	62.1807
1437	4.4336	87.8476
1438	54.6014	9.2951
1439	81.3509	81.4964
1440	17.5089	18.2869
1441	77.9143	40.0778
1442	46.4623	96.231
1443	69.5389	27.1833
1444	63.1736	38.5715
1445	81.1498	85.0672
1446	6.3101	79.9899
1447	77.619	64.8846
1448	45.768	79.691
1449	29.3443	11.3057
1450	4.3806	69.617
1451	19.947	5.8646
1452	4.1906	94.2467
1453	93.3371	15.9395
1454	51.5384	41.6028
1455	98.9123	59.075
1456	54.3031	80.2265
1457	25.3314	67.8393
1458	75.3291	18.1261
1459	19.1103	37.9751
1460	35.6974	35.8599
1461	78.0842	2.8816
1462	86.5798	68.4464
1463	33.1925	83.8536
1464	12.4475	97.3445
1465	36.8019	13.0655
1466	88.9487	92.0398
1467	74.3308	11.2937
1468	89.4637	41.1284
1469	38.6645	4.5972
1470	97.3724	26.1613
1471	49.6203	31.4238
1472	49.7523	70.4568
1473	92.431	67.7929
1474	51.9276	76.7529
1475	80.1148	57.6649
1476	72.7081	56.5012
1477	7.8927	97.7896
1478	60.2453	66.9844
1479	82.2341	33.8301
1480	54.5474	52.3103
1481	32.1211	70.058
1482	8.0069	9.5242
1483	66.0919	66.1713
1484	30.6496	24.8577
1485	60.2622	34.5749
1486	42.6116	67.6296
1487	68.9765	38.4877
1488	35.1547	83.9033
1489	4.2355	55.8344
1490	87.0037	98.7792
1491	35.2559	5.4566
1492	99.8151	64.3399
1493	27.4555	15.6927
1494	98.0027	84.8846
1495	94.7904	85.1871
1496	7.5041	86.9416
1497	63.7513	7.4865
1498	36.3311	49.1648
1499	80.1096	24.0892
1500	67.9411	97.0145
1501	95.2789	5.0351
1502	14.2779	22.2707
1503	60.7573	64.3317
1504	78.1312	40.3277
1505	3.4799	23.5
1506	6.7233	45.9095
1507	77.8515	80.1261
1508	36.6328	44.8099
1509	38.2854	85.6589
1510	56.7245	44.7068
1511	60.5095	11.8707
1512	67.9062	49.7373
1513	94.8824	65.3373
1514	37.2013	10.2643
1515	76.3084	41.2339
1516	57.3922	55.7131
1517	52.946	0.017
1518	39.8034	9.0896
1519	64.9561	60.4203
1520	24.9612	61.9066
1521	11.3449	30.4598
1522	73.5675	50.8338
1523	49.9044	20.6851
1524	38.6987	67.1474
1525	56.1673	95.0355
1526	26.1777	36.3342
1527	26.029	5.4275
1528	44.6273	22.2918
1529	99.6365	45.446
1530	28.5577	56.0151
1531	91.6479	61.9758
1532	49.12	47.3134
1533	12.2637	65.7167
1534	85.2826	71.5914
1535	45.2043	11.4023
1536	89.8679	75.932
1537	44.5111	22.1747
1538	8.7791	34.1357
1539	68.1929	82.9884
1540	84.5521	96.4434
1541	31.9588	29.1984
1542	34.7425	52.1985
1543	6.4939	70.2096
1544	54.2171	4.5778
1545	89.1332	16.4155
1546	85.1362	14.0449
1547	71.1809	71.6856
1548	92.7324	72.1559
1549	63.77	10.6962
1550	79.3696	61.0852
1551	50.8756	18.7543
1552	12.1362	93.0216
1553	20.098	39.2896
1554	13.8877	45.7046
1555	79.0373	78.142
1556	2.6284	71.6788
1557	55.4021	10.7766
1558	36.8911	41.447
1559	80.3662	92.6627
1560	55.1647	83.7466
1561	61.1948	58.8811
1562	8.6215	77.2145
1563	30.9291	45.0505
1564	99.9595	65.8457
1565	71.887	95.619
1566	52.5696	13.4636
1567	76.9165	49.8829
1568	82.3339	53.0364
1569	7.3751	4.8572
1570	97.238	93.5308
1571	64.2339	83.8816
1572	44.9974	48.2932
1573	68.0109	50.8333
1574	34.4515	92.1162
1575	87.796	17.7202
1576	78.0263	57.8554
1577	63.9794	73.0495
1578	18.1963	12.8382
1579	96.6265	38.7406
1580	43.2618	60.0546
1581	91.0712	88.2696
1582	5.5413	50.411
1583	12.4161	38.4663
1584	15.3015	97.9501
1585	16.4657	91.591
1586	32.2661	76.2375
1587	70.9332	27.3596
1588	34.6023	96.3594
1589	94.0904	97.0492
1590	89.4926	45.2846
1591	84.5934	13.3372
1592	25.0605	41.2745
1593	63.5057	70.0014
1594	55.0841	74.8427
1595	12.517	29.8913
1596	30.2825	70.1494
1597	53.3478	86.0708
1598	50.2573	71.1874
1599	16.8636	93.5512
1600	94.1607	63.2583
1601	15.4194	20.0889
1602	65.8733	62.4168
1603	72.0633	29.0579
1604	60.5139	34.5294
1605	84.253	67.2374
1606	56.3618	98.1335
1607	82.5236	65.0086
1608	2.8373	95.8326
1609	4.5462	50.3893
1610	64.1454	69.4312
1611	57.6771	32.2381
1612	65.113	11.5405
1613	76.6959	35.2238
1614	41.6587	48.037
1615	63.8991	57.0638
1616	49.8038	66.7157
1617	62.7164	41.7478
1618	28.9672	74.7869
1619	95.665	84.1389
1620	48.2945	28.5928
1621	80.4688	84.7301
1622	68.4991	80.8305
1623	29.7434	52.273
1624	7.2973	2.5272
1625	5.9913	14.5327
1626	43.9605	67.0254
1627	48.4251	19.9902
1628	20.4023	75.0185
1629	60.666	16.0935
1630	31.2582	28.6616
1631	71.8363	25.0561
1632	73.42	83.9382
1633	86.0777	69.0595
1634	97.5374	29.5141
1635	13.0766	75.3594
1636	37.054	3.2306
1637	56.1651	81.4026
1638	31.9116	10.248
1639	46.6473	86.8035
1640	26.7472	73.9492
1641	24.7919	86.4841
1642	9.6812	74.2413
1643	29.0212	56.1271
1644	38.415	23.7595
1645	61.5377	78.4307
1646	24.827	79.8822
1647	86.5308	28.7639
1648	15.97	66.4494
1649	32.7436	92.6485
1650	57.7687	38.7555
1651	31.2715	95.6702
1652	76.3121	97.5823
1653	49.8266	31.2654
1654	51.4725	55.2125
1655	49.876	1.2965
1656	30.854	25.1341
1657	2.3176	62.0562
1658	94.5233	78.0925
1659	50.5444	87.0118
1660	96.6687	82.9983
1661	21.5144	91.1486
1662	35.2895	70.4629
1663	5.054	64.7632
1664	49.4894	75.5108
1665	88.2339	54.6615
1666	65.426	60.3387
1667	47.0587	77.6147
1668	53.6691	96.429
1669	84.7172	29.4178
1670	43.0928	17.7426
1671	88.2456	68.2659
1672	72.7508	18.6977
1673	76.3857	17.3795
1674	36.5937	51.3847
1675	40.0582	37.7198
1676	57.0282	42.8508
1677	19.4655	55.6599
1678	55.3223	13.0067
1679	7.3532	58.3986
1680	50.4256	25.5016
1681	76.4404	33.0563
1682	27.9721	70.9689
1683	98.9091	15.4806
1684	68.0399	15.3703
1685	11.8811	32.263
1686	97.5083	5.0855
1687	39.3904	93.2382
1688	79.4897	61.5609
1689	33.9085	66.189
1690	93.8949	49.0551
1691	75.4965	57.2677
1692	19.9058	35.8086
1693	50.9123	78.4031
1694	50.0078	31.7859
1695	4.5303	21.9962
1696	13.7036	18.3869
1697	33.3041	6.8176
1698	47.3744	50.514
1699	45.6989	41.5931
1700	60.6261	53.7036
1701	51.5506	9.1946
1702	32.7966	22.1198
1703	61.3068	21.3354
1704	16.2502	33.1884
1705	99.0616	36.0798
1706	73.9319	21.8445
1707	29.9234	75.2656
1708	33.6373	53.0499
1709	82.8289	99.6631
1710	53.234	82.3688
1711	70.874	98.1133
1712	29.9791	0.8804
1713	81.5749	66.8938
1714	36.8358	44.5667
1715	67.3806	90.4496
1716	97.9898	61.3701
1717	58.3702	62.1132
1718	79.6755	95.8897
1719	72.5324	68.2551
1720	68.8044	32.0937
1721	2.6647	91.5932
1722	47.459	94.4988
1723	96.7071	38.5876
1724	78.2904	54.0237
1725	77.6162	28.2829
1726	57.7634	91.1336
1727	72.14	82.2109
1728	58.3523	37.4958
1729	17.0512	80.2817
1730	62.9025	44.5557
1731	61.9736	4.3852
1732	84.1167	89.8282
1733	14.7776	19.2512
1734	68.0727	51.3895
1735	3.1571	94.8212
1736	94.8205	16.7395
1737	10.9896	95.6276
1738	1.8937	53.7975
1739	31.3692	0.7331
1740	15.1431	6.5472
1741	69.05	67.0335
1742	41.0377	77.3582
1743	77.4972	86.4951
1744	92.0521	42.4209
1745	87.2818	10.3927
1746	73.5837	53.7754
1747	6.2281	70.2743
1748	13.8082	97.6224
1749	20.7342	77.5207
1750	32.505	64.6561
1751	66.2227	93.9751
1752	52.5477	74.6891
1753	31.3753	15.3755
1754	17.3182	45.9225
1755	91.2124	33.1715
1756	34.2327	8.7521
1757	35.4287	5.4268
1758	77.199	79.4215
1759	72.0925	55.8084
1760	64.3309	57.4962
1761	69.3313	22.7646
1762	61.0077	25.8648
1763	19.2264	38.8033
1764	24.6519	63.0217
1765	55.8087	43.3025
1766	22.4867	1.6891
1767	97.2911	67.3299
1768	29.7615	53.4834
1769	28.9004	64.1423
1770	20.7278	61.8349
1771	70.4988	75.5961
1772	31.7041	58.5608
1773	34.8803	70.0882
1774	93.37	7.2589
1775	79.5405	92.8048
1776	27.3458	10.6136
1777	12.1874	78.6892
1778	67.6622	30.1351
1779	37.9694	8.6505
1780	98.0161	76.5274
1781	81.8377	43.7676
1782	95.4609	39.5113
1783	80.4616	66.0723
1784	29.0453	47.3988
1785	28.763	53.3468
1786	71.4141	13.6381
1787	34.6364	39.0993
1788	44.2376	79.7485
1789	25.6444	54.5724
1790	47.9079	96.0134
1791	20.2068	14.4076
1792	53.8578	67.7289
1793	93.3024	91.4169
1794	69.6171	79.5017
1795	13.7273	72.9325
1796	61.5677	37.3131
1797	58.683	94.9465
1798	24.2458	55.3524
1799	66.9834	55.507
1800	53.1041	12.3235
1801	63.7945	0.503
1802	5.2491	59.6655
1803	41.3301	53.7152
1804	71.7358	94.6979
1805	10.0545	30.4691
1806	77.0766	74.8297
1807	0.5181	90.3546
1808	55.0353	34.3852
1809	92.91	41.2654
1810	40.6907	64.5932
1811	93.5032	51.2553
1812	87.84	16.0954
1813	47.7449	22.0788
1814	19.9456	83.4748
1815	96.3914	19.4326
1816	32.1168	18.1358
1817	64.5898	79.966
1818	90.7937	85.2251
1819	8.9461	85.1388
1820	57.4133	93.237
1821	53.5152	99.4313
1822	72.3118	46.1265
1823	93.6669	54.9665
1824	91.323	29.0653
1825	17.5065	6.7363
1826	88.2245	9.8202
1827	17.5789	72.5589
1828	91.9635	48.719
1829	99.7172	33.0851
1830	39.6995	12.8215
1831	49.5384	65.5473
1832	93.6609	10.0045
1833	96.2131	61.9516
1834	92.604	90.0119
1835	87.6743	31.7786
1836	0.9267	45.0646
1837	56.7962	61.6342
1838	10.7301	30.5675
1839	98.2994	58.417
1840	28.4562	56.5552
1841	98.9099	36.4493
1842	54.33	31.6333
1843	49.3912	42.8307
1844	93.8561	0.4832
1845	85.106	24.6175
1846	46.8021	22.1526
1847	19.2811	73.9816
1848	11.2647	43.6124
1849	16.2494	84.011
1850	45.8914	13.4306
1851	25.7265	73.2973
1852	18.6199	87.7886
1853	73.6618	46.2848
1854	79.0768	35.8742
1855	56.7781	30.5472
1856	75.7283	55.1672
1857	17.5495	17.577
1858	85.6147	60.6628
1859	89.7043	84.1793
1860	82.699	85.8714
1861	51.5281	14.0002
1862	8.6738	53.8618
1863	66.9256	26.3235
1864	18.4781	88.6336
1865	14.0612	7.6462
1866	32.3602	7.54
1867	24.8047	1.863
1868	26.0785	50.7178
1869	23.5521	3.1194
1870	75.3757	58.189
1871	95.4035	40.5134
1872	30.1946	59.0036
1873	72.2883	90.6304
1874	1.1436	55.1594
1875	65.3683	54.3469
1876	69.2769	99.8728
1877	6.2124	47.2104
1878	11.8225	77.5197
1879	30.6806	36.5819
1880	40.5417	22.3307
1881	50.252	77.2145
1882	89.5118	73.3227
1883	70.3557	29.0999
1884	31.0978	46.4701
1885	11.7416	51.0412
1886	91.613	39.6785
1887	29.5038	50.2167
1888	61.4625	66.2678
1889	21.9129	84.7982
1890	13.3569	80.654
1891	15.3186	61.4036
1892	74.7735	16.5844
1893	60.5739	51.4137
1894	41.5846	44.622
1895	54.9235	17.9145
1896	47.0828	94.8712
1897	53.7518	65.9413
1898	66.4094	96.7736
1899	21.8412	73.592
1900	24.7465	48.3503
1901	75.474	35.8796
1902	87.3135	21.8819
1903	8.187	48.7642
1904	44.6748	6.2861
1905	70.3766	36.9435
1906	7.8103	4.2808
1907	56.4169	20.6774
1908	6.1758	90.7726
1909	54.7649	36.1251
1910	50.5487	46.9674
1911	57.2702	45.4643
1912	14.9852	4.6437
1913	32.8118	98.059
1914	52.0342	32.4071
1915	11.624	70.3736
1916	20.5401	52.1373
1917	58.3148	82.9647
1918	9.0942	83.4872
1919	51.0375	26.3316
1920	80.8692	54.435
1921	45.3432	17.385
1922	51.3248	65.3675
1923	45.6798	36.5297
1924	5.7737	65.3337
1925	46.2378	83.5469
1926	80.6915	51.6663
1927	72.328	37.6329
1928	39.5949	90.7242
1929	81.6453	51.6372
1930	74.5804	35.2898
1931	57.8311	86.7719
1932	4.529	48.6862
1933	34.4529	48.211
1934	6.376	60.4211
1935	99.4124	50.1837
1936	93.4583	13.8968
1937	6.9019	16.5606
1938	93.3776	7.7088
1939	3.1735	64.3477
1940	40.8867	21.1517
1941	76.8972	18.6906
1942	76.5828	36.2223
1943	97.8333	71.7303
1944	64.5881	11.833
1945	42.0362	23.0346
1946	99.2857	81.1173
1947	38.248	72.0256
1948	86.962	48.1517
1949	90.6767	47.8815
1950	37.5646	21.0704
1951	68.273	16.1246
1952	66.1793	83.3365
1953	53.93	2.2446
1954	65.3534	4.3144
1955	34.777	57.3487
1956	17.8474	16.1129
1957	53.7258	62.954
1958	52.8843	3.9191
1959	72.7858	57.2269
1960	22.269	5.5912
1961	0.3473	25.826
1962	2.2735	18.0038
1963	29.8363	95.8238
1964	67.35	59.9358
1965	54.4445	56.3605
1966	53.1934	1.862
1967	82.336	71.9547
1968	24.7512	66.1745
1969	34.616	28.3455
1970	27.565	8.5749
1971	93.741	44.9203
1972	72.5024	99.2776
1973	11.2845	86.7302
1974	80.9478	17.0567
1975	41.9241	83.0364
1976	76.6053	60.0839
1977	88.3757	79.4616
1978	1.5646	82.0453
1979	20.6082	18.1884
1980	10.0897	65.9649
1981	3.3576	26.4521
1982	59.7785	72.4187
1983	70.3286	34.2671
1984	4.8676	45.347
1985	74.0541	59.0596
1986	40.2265	22.9814
1987	23.4339	38.5462
1988	21.7269	10.857
1989	86.373	20.2349
1990	5.6444	85.9592
1991	50.3896	50.436
1992	28.9263	41.9795
1993	81.5786	14.9561
1994	73.1517	9.6299
1995	31.8904	47.5869
1996	59.7918	61.4748
1997	67.2532	3.9037
1998	32.0665	78.3868
1999	30.1764	50.3329
